 peak  R.T. first  max last  PK   peak      raw       corr.   corr.    % of
   #   min   scan scan scan  TY  height     area      area    % max.   total
 ---  ----- ----- ---- ---- ---  -------   -------   -------  ------  -------
  1   5.956   418  540  588 PV     56115   6969526   6317835   1.65%   0.526%
  2   6.757   588  613  655 VV      9069   1651829   1349004   0.35%   0.112%
  3   7.448   655  676  701 VV 2    8398   1899525   1670193   0.44%   0.139%
  4   8.007   701  727  788 VV 2    8436   3962833   3407560   0.89%   0.284%
  5   9.192   788  835  862 VV 2    7158   2589470   2169306   0.57%   0.181%
 
  6   9.697   862  881  898 VV 2    5502   1111801    897190   0.23%   0.075%
  7  10.674   898  970 1076 VV   4777473 384072676 383162532 100.00%  31.921%
  8  12.056  1076 1096 1248 VV 6   39078  15092458  13235484   3.45%   1.103%
  9  14.097  1248 1282 1387 VV 7   18777   5827759   4876784   1.27%   0.406%
 10  15.765  1387 1434 1505 VV 3   18170   3436667   2724939   0.71%   0.227%
 
 11  18.288  1600 1664 1943 BV    473392  89807840  87731726  22.90%   7.309%
 12  21.569  1943 1963 2207 VV   1607754 116418206 114387898  29.85%   9.529%
 13  24.915  2207 2268 2292 PV 5   42671  10572154  10038117   2.62%   0.836%
 14  25.420  2292 2314 2412 VV 2  278385  37283664  35466392   9.26%   2.955%
 15  26.726  2412 2433 2502 VV 5   91777  13835531  12970283   3.39%   1.081%
 
 16  27.823  2502 2533 2576 VV 5   27155   6141357   5534173   1.44%   0.461%
 17  29.249  2576 2663 2819 VV 3 1598579 307281321 305437137  79.71%  25.445%
 18  31.092  2819 2831 2906 VV 3   46216  14612635  13305239   3.47%   1.108%
 19  32.102  2906 2923 3056 VV    246029  31237800  29609516   7.73%   2.467%
 20  33.945  3056 3091 3135 VV 6   96028  22236587  21527049   5.62%   1.793%
 
 21  34.538  3135 3145 3162 VV 4   49976   5045022   4711294   1.23%   0.392%
 22  34.889  3162 3177 3302 VV 2   96999  16130293  14584585   3.81%   1.215%
 23  36.403  3302 3315 3372 VV 2    8846   3555226   2978284   0.78%   0.248%
 24  37.160  3372 3384 3457 VV 4   26207   4623396   3939339   1.03%   0.328%
 25  38.246  3457 3483 3545 VV    165753  17506770  16838470   4.39%   1.403%
 
 26  39.486  3545 3596 3643 VV 9   63453  13365366  12390008   3.23%   1.032%
 27  40.232  3643 3664 3692 VV 9   14786   3593471   3150642   0.82%   0.262%
 28  40.923  3692 3727 3780 VV 5   38507   9556800   8734736   2.28%   0.728%
 29  42.042  3780 3829 3847 VV 5   15881   4966288   4365549   1.14%   0.364%
 30  42.514  3847 3872 4000 VV 7   33037  16013380  14675385   3.83%   1.223%
 
 31  44.500  4000 4053 4101 VV 7   18968   7647491   6783197   1.77%   0.565%
 32  45.246  4101 4121 4158 VV 4   23628   5075625   4515659   1.18%   0.376%
 33  45.894  4158 4180 4204 VV 4   13984   1674949   1321086   0.34%   0.110%
 34  46.322  4204 4219 4244 PV 4   11689   1426714   1166054   0.30%   0.097%
 35  46.771  4244 4260 4291 VV 4    6100   1345941   1008481   0.26%   0.084%
 
 36  47.353  4291 4313 4377 VV 2   58367   6397242   5814157   1.52%   0.484%
 37  48.253  4377 4395 4444 VV 2    7912   2215731   1684040   0.44%   0.140%
 38  48.999  4444 4463 4514 VV 5   18641   3973654   3435517   0.90%   0.286%
 39  50.293  4514 4581 4654 VV 5   28136  12068980  10726917   2.80%   0.894%
 40  51.281  4654 4671 4690 VV 4   12200   2236450   1904717   0.50%   0.159%
 
 41  51.676  4690 4707 4740 VV 6   33136   3784056   3346308   0.87%   0.279%
 42  52.257  4740 4760 4857 VV 6    7296   4085916   3074708   0.80%   0.256%
 43  53.618  4857 4884 4915 VV 6   18433   2841833   2324255   0.61%   0.194%
 44  54.265  4915 4943 4963 VV 6    3550   1116394    681858   0.18%   0.057%
 45  55.066  4963 5016 5043 VV 6   10139   3703750   2966712   0.77%   0.247%
 
 46  55.527  5043 5058 5093 VV 3   27090   3070780   2625240   0.69%   0.219%
 47  56.174  5093 5117 5163 VV 3    3397   1761826   1121337   0.29%   0.093%
 48  56.844  5163 5178 5199 PV 3    8590   1415795   1081134   0.28%   0.090%
 49  57.348  5199 5224 5245 VV 3    5163   1651220   1217398   0.32%   0.101%
 50  57.798  5245 5265 5313 VV 3    7084   2046622   1375355   0.36%   0.115%