 peak  R.T. first  max last  PK   peak      raw       corr.   corr.    % of
   #   min   scan scan scan  TY  height     area      area    % max.   total
 ---  ----- ----- ---- ---- ---  -------   -------   -------  ------  -------
  1   5.843   335  530  582 PV     33222   7070380   5181305   3.89%   0.820%
  2   6.655   582  604  648 VV 2   13951   2866684   2304348   1.73%   0.365%
  3   7.928   648  720  848 VV 9   11007   9493137   7831777   5.88%   1.239%
  4   9.486   848  862  888 VV 9    5530   1698805   1346910   1.01%   0.213%
  5  10.484   888  953 1108 VV    756951  74642170  72692222  54.56%  11.503%
 
  6  12.350  1108 1123 1203 VV 2   29507   7075632   6150982   4.62%   0.973%
  7  13.447  1203 1223 1244 VV 2   10462   2006512   1626573   1.22%   0.257%
  8  13.930  1244 1267 1404 VV 3   56926  12525164  11104205   8.33%   1.757%
  9  15.663  1404 1425 1500 VV 5   22932   5156704   4355510   3.27%   0.689%
 10  16.837  1500 1532 1587 VV 5    6896   3924086   3125892   2.35%   0.495%
 
 11  18.209  1587 1657 1837 VV 2  245337  62257952  59930870  44.98%   9.483%
 12  20.315  1837 1849 1930 VV 2   11796   7088399   6048168   4.54%   0.957%
 13  21.456  1930 1953 2233 VV   1735690 136464564 133224656 100.00%  21.081%
 14  24.748  2233 2253 2286 VV     11590   3401092   2872261   2.16%   0.455%
 15  25.341  2286 2307 2353 VV    247723  21357791  20667508  15.51%   3.270%
 
 16  26.152  2353 2381 2403 VV     17010   5151034   4544208   3.41%   0.719%
 17  26.624  2403 2424 2503 VV 6   96944  13624203  12530744   9.41%   1.983%
 18  27.721  2503 2524 2589 VV 4   57242   9064019   8191329   6.15%   1.296%
 19  28.917  2589 2633 2679 VV 3  143528  21443563  20460811  15.36%   3.238%
 20  29.598  2679 2695 2792 VV 3   27024  11649494  10107493   7.59%   1.599%
 
 21  30.837  2792 2808 2876 VV 3   11521   5699718   4769267   3.58%   0.755%
 22  32.022  2876 2916 3001 VV    370399  32268070  30892740  23.19%   4.888%
 23  33.164  3001 3020 3041 VV 3   26562   3543428   3119382   2.34%   0.494%
 24  33.723  3041 3071 3122 VV 3  138524  14928891  14035622  10.54%   2.221%
 25  34.820  3122 3171 3219 VV 3  100559  16972396  15953084  11.97%   2.524%
 
 26  36.126  3219 3290 3365 VV 3   39693  23096920  21397603  16.06%   3.386%
 27  37.092  3365 3378 3442 VV 3   24779   5641664   4814766   3.61%   0.762%
 28  38.178  3442 3477 3555 VV 2  111738  16450161  15187954  11.40%   2.403%
 29  39.396  3555 3588 3641 VV 2  145099  15885549  14962722  11.23%   2.368%
 30  40.186  3641 3660 3689 VV 2    9489   2968725   2434555   1.83%   0.385%
 
 31  40.844  3689 3720 3805 VV 2   80893  10326502   9117501   6.84%   1.443%
 32  42.643  3805 3884 4028 VV 6   42637  18933364  16698257  12.53%   2.642%
 33  44.969  4028 4096 4158 VV 9   24205  12622168  11267696   8.46%   1.783%
 34  46.231  4158 4211 4231 VV 4   50366   8618635   7825977   5.87%   1.238%
 35  46.681  4231 4252 4291 VV 4   36411   6402946   5785973   4.34%   0.916%
 
 36  47.285  4291 4307 4427 VV 3   56606  11956527  10587798   7.95%   1.675%
 37  48.908  4427 4455 4507 VV     53958   7213321   6408566   4.81%   1.014%
 38  49.720  4507 4529 4550 VV 7   23127   3439530   2993434   2.25%   0.474%
 39  50.192  4550 4572 4678 VV 3   24246  10489416   9031889   6.78%   1.429%
 40  51.586  4678 4699 4734 VV 6   43430   5231789   4636476   3.48%   0.734%
 
 41  52.825  4734 4812 4847 VV 6    8042   5476986   4193390   3.15%   0.664%
 42  53.396  4847 4864 4914 VV 6    7521   3144474   2409804   1.81%   0.381%
 43  54.164  4914 4934 4960 VV 6    7687   1939452   1458249   1.09%   0.231%
 44  54.921  4960 5003 5027 VV 6   11808   3383157   2702629   2.03%   0.428%
 45  55.448  5027 5051 5090 VV     25708   3438389   2738661   2.06%   0.433%
 
 46  56.051  5090 5106 5123 VV      5427    964968    642437   0.48%   0.102%
 47  56.753  5123 5170 5195 VV 4   24246   4559702   3820793   2.87%   0.605%
 48  57.708  5195 5257 5313 VV 4   15853   6744986   5449114   4.09%   0.862%
 49  58.684  5313 5346 5446 VV 4    6596   3791163   2320860   1.74%   0.367%