 peak  R.T. first  max last  PK   peak      raw       corr.   corr.    % of
   #   min   scan scan scan  TY  height     area      area    % max.   total
 ---  ----- ----- ---- ---- ---  -------   -------   -------  ------  -------
  1   5.821   352  528  585 PV     28371  12920469   4638699   3.03%   0.460%
  2   6.644   585  603  648 VV      5844   3701668   1409050   0.92%   0.140%
  3   7.829   648  711  805 VV      8959  11530515   5970412   3.90%   0.592%
  4  10.452   805  950 1074 VV   1866562 162670800 152910145 100.00%  15.152%
  5  12.328  1074 1121 1194 VV 2   53456  25988564  20966249  13.71%   2.078%
 
  6  13.359  1194 1215 1244 VV 2   24938   9989749   7861854   5.14%   0.779%
  7  13.908  1244 1265 1384 VV    157795  44145438  38118672  24.93%   3.777%
  8  15.674  1384 1426 1464 VV     39007  19952171  16407140  10.73%   1.626%
  9  18.209  1464 1657 1834 VV 3  310436 129073248 112449934  73.54%  11.142%
 10  20.315  1834 1849 1920 VV 5   36888  16898820  13207762   8.64%   1.309%
 
 11  21.456  1920 1953 2137 VV   1755910 146213985 137171705  89.71%  13.592%
 12  25.352  2233 2308 2353 VV 2  226336  26889909  22344617  14.61%   2.214%
 13  26.021  2353 2369 2413 VV 2   18222   7441044   5073369   3.32%   0.503%
 14  26.657  2413 2427 2483 VV 7   30546   9462509   6699435   4.38%   0.664%
 15  27.732  2483 2525 2593 VV 7   22934  12452367   8259581   5.40%   0.818%
 
 16  28.928  2593 2634 2683 VV 2  120791  21727904  18219476  11.92%   1.805%
 17  29.598  2683 2695 2749 VV 4   52057  13571270  10817439   7.07%   1.072%
 18  30.552  2749 2782 2803 VV 5  109428  19424511  17215186  11.26%   1.706%
 19  31.320  2803 2852 2902 VV 2  138035  33132842  28502811  18.64%   2.824%
 20  32.022  2902 2916 2935 VV 2  319184  23484660  22162517  14.49%   2.196%
 
 21  32.461  2935 2956 2979 VV 2  129710  19990413  17938707  11.73%   1.778%
 22  32.867  2979 2993 3049 VV 2  157646  22646278  19691530  12.88%   1.951%
 23  33.668  3049 3066 3098 VV 4  136384  22817700  20794354  13.60%   2.060%
 24  34.436  3098 3136 3151 VV 7   56878  14831777  12515462   8.18%   1.240%
 25  34.831  3151 3172 3195 VV 5   93317  16258274  14147761   9.25%   1.402%
 
 26  35.654  3195 3247 3455 VV 4  113922  83748104  72526499  47.43%   7.187%
 27  38.167  3455 3476 3502 VV 2  142870  14849929  13003539   8.50%   1.288%
 28  38.650  3502 3520 3569 VV 2   21051   9162018   6367346   4.16%   0.631%
 29  39.407  3569 3589 3625 VV 9   43207   8539457   6346544   4.15%   0.629%
 30  40.164  3625 3658 3686 VV 9   21848   6785854   4367878   2.86%   0.433%
 
 31  41.513  3686 3781 3837 VV 6   62848  30264262  24507829  16.03%   2.428%
 32  42.709  3837 3890 3960 VV 6   51350  20988916  16208119  10.60%   1.606%
 33  43.664  3960 3977 3995 VV 6   13000   3755026   2396798   1.57%   0.237%
 34  44.629  4028 4065 4154 VV 6   27270  12690610   7893926   5.16%   0.782%
 35  46.242  4154 4212 4231 VV 4   89826  16445736  13519761   8.84%   1.340%
 
 36  46.736  4231 4257 4289 VV 5  163907  27478846  25235793  16.50%   2.501%
 37  47.295  4289 4308 4431 VV 4   50957  19277701  13801662   9.03%   1.368%
 38  48.897  4431 4454 4474 VV 9   21991   4873557   3198605   2.09%   0.317%
 39  49.424  4474 4502 4534 VV     25762   6923893   4566633   2.99%   0.452%
 40  49.984  4534 4553 4682 VV 3   38308  19085772  13241742   8.66%   1.312%
 
 41  51.586  4682 4699 4729 VV 7   22002   4660927   2857486   1.87%   0.283%
 42  52.046  4729 4741 4790 VV 7   14410   5021946   2674555   1.75%   0.265%
 43  53.012  4790 4829 4907 VV 4   46147  12488077   8048699   5.26%   0.798%
 44  54.175  4907 4935 4958 VV 4   16638   4800327   2828524   1.85%   0.280%
 45  54.658  4958 4979 5027 VV 4   13277   5906264   3275785   2.14%   0.325%
 
 46  55.338  5027 5041 5123 VV    129374  15270141  11572327   7.57%   1.147%
 47  57.642  5123 5251 5299 VV 7   23116  17596960  11009652   7.20%   1.091%
 48  58.421  5299 5322 5383 VV 4    8853   5808627   2659935   1.74%   0.264%
 49  59.288  5383 5401 5463 VBA4    7234   4628091   1600354   1.05%   0.159%