 peak  R.T. first  max last  PK   peak      raw       corr.   corr.    % of
   #   min   scan scan scan  TY  height     area      area    % max.   total
 ---  ----- ----- ---- ---- ---  -------   -------   -------  ------  -------
  1   5.901   448  535  585 BV 9   14788   3472542   1611607   2.43%   0.256%
  2   6.713   585  609  654 VV    133828  10909238   9915969  14.97%   1.575%
  3   7.393   654  671  698 VV 4   17080   3052704   2351668   3.55%   0.373%
  4   7.997   698  726  813 VV 7   14524   6871286   5065652   7.65%   0.804%
  5   9.171   813  833  901 VV 2   22899   4716739   3357073   5.07%   0.533%
 
  6  10.564   901  960 1064 VV    670586  52357418  49781290  75.14%   7.905%
  7  11.837  1064 1076 1112 VV 3   13107   3042333   2274225   3.43%   0.361%
  8  12.484  1112 1135 1205 VV 10   11814   5177923   3679655   5.55%   0.584%
  9  14.031  1253 1276 1317 VV 4   31592   4537073   3562745   5.38%   0.566%
 10  14.668  1317 1334 1421 VV 4   10254   4315639   2643204   3.99%   0.420%
 
 11  15.776  1421 1435 1517 VV 7   15418   3662607   2175179   3.28%   0.345%
 12  16.796  1517 1528 1630 VB 7    5064   3078719   1310244   1.98%   0.208%
 13  18.310  1637 1666 1797 BV 3  119044  26693338  24230337  36.57%   3.848%
 14  19.912  1797 1812 1847 VV 3    9729   3198648   2282315   3.44%   0.362%
 15  20.494  1847 1865 1920 VV 3   15557   6033719   4714793   7.12%   0.749%
 
 16  21.547  1920 1961 2143 VB    309124  30859548  26982559  40.73%   4.285%
 17  24.981  2242 2274 2300 PV     14786   4202101   3228310   4.87%   0.513%
 18  25.453  2300 2317 2350 VV     91881   8752609   7824788  11.81%   1.243%
 19  26.210  2350 2386 2420 VV 9   17580   6799156   5422015   8.18%   0.861%
 20  26.781  2420 2438 2490 VV 9   36688   7892719   6554684   9.89%   1.041%
 
 21  27.637  2490 2516 2599 VV 9   25903  12669015  10591705  15.99%   1.682%
 22  29.030  2599 2643 2693 VV 2   97238  18778906  17036318  25.71%   2.705%
 23  29.710  2693 2705 2753 VV 7   42463  10987558   9564775  14.44%   1.519%
 24  30.654  2753 2791 2813 VV 3  116370  15622175  14330365  21.63%   2.276%
 25  31.433  2813 2862 2916 VV 3  167912  26111134  23902559  36.08%   3.796%
 
 26  32.574  2916 2966 2989 VV 2  152206  27288071  25600194  38.64%   4.065%
 27  32.980  2989 3003 3059 VV    178834  21009100  19549969  29.51%   3.105%
 28  33.792  3059 3077 3132 VV 3  163499  29987317  28399976  42.87%   4.510%
 29  34.955  3132 3183 3237 VV 3   66397  24842014  22146270  33.43%   3.517%
 30  35.778  3237 3258 3305 VV 8   32009   9857346   8319369  12.56%   1.321%
 
 31  36.491  3305 3323 3433 VV 8   36644  23531587  20735445  31.30%   3.293%
 32  38.268  3433 3485 3555 VV    848672  68972914  66250861 100.00%  10.521%
 33  39.530  3555 3600 3658 VV     62174  18963068  16560556  25.00%   2.630%
 34  40.287  3658 3669 3692 VV 5   26339   4318036   3560139   5.37%   0.565%
 35  40.990  3692 3733 3795 VV 5   21001  10892938   8649854  13.06%   1.374%
 
 36  41.889  3795 3815 3838 VV 5   10980   3408752   2530364   3.82%   0.402%
 37  42.449  3838 3866 3885 VV 5   21915   6175144   5204415   7.86%   0.826%
 38  42.833  3885 3901 3978 VV 7   62017  17581004  15409767  23.26%   2.447%
 39  43.919  3978 4000 4038 VV 7   15474   6084962   4759950   7.18%   0.756%
 40  44.731  4038 4074 4091 VV 3   43560   8059903   6933338  10.47%   1.101%
 
 41  45.148  4091 4112 4168 VV 3   28846  11350093   9412732  14.21%   1.495%
 42  45.938  4168 4184 4208 VV 3   94319   9493497   8602449  12.98%   1.366%
 43  46.355  4208 4222 4248 VV 4  107782  11518245  10626152  16.04%   1.687%
 44  46.805  4248 4263 4297 VV 5   71225  13563475  12414895  18.74%   1.971%
 45  47.397  4297 4317 4440 VV 2   80266  23014426  19818561  29.91%   3.147%
 
 46  48.955  4440 4459 4491 VV 2   12493   4281649   3228543   4.87%   0.513%
 47  49.855  4491 4541 4561 VV 2   17141   6236277   4813957   7.27%   0.764%
 48  50.579  4561 4607 4660 VV 2   17803  11071705   8891761  13.42%   1.412%
 49  51.391  4660 4681 4797 VV 2   25657  13733275  10628152  16.04%   1.688%
 50  53.125  4797 4839 4934 VV 4   40107  14118643  11206251  16.91%   1.780%
 
 51  54.310  4934 4947 4970 VV 4   17603   3408994   2641892   3.99%   0.420%
 52  55.034  4970 5013 5037 VV 4   30922   7135904   5731701   8.65%   0.910%
 53  55.549  5037 5060 5107 VV 2   27536   6092751   4635723   7.00%   0.736%
 54  56.570  5107 5153 5172 VV 10   17255   6528161   5186271   7.83%   0.824%
 55  56.976  5172 5190 5213 VV 10   17435   4105399   3230170   4.88%   0.513%
 
 56  57.404  5213 5229 5251 VV 10   14566   3881568   3014277   4.55%   0.479%
 57  57.886  5251 5273 5320 VV 10   13030   4822023   3492373   5.27%   0.555%
 58  59.060  5320 5380 5435 VV 10    8617   5541913   3146218   4.75%   0.500%