 peak  R.T. first  max last  PK   peak      raw       corr.   corr.    % of
   #   min   scan scan scan  TY  height     area      area    % max.   total
 ---  ----- ----- ---- ---- ---  -------   -------   -------  ------  -------
  1   5.976   432  542  605 BV     41738   4798481   3926731   6.20%   0.696%
  2   6.799   605  617  700 VV 2   10422   3133404   2613746   4.12%   0.464%
  3   7.962   700  723  818 VV 5   10414   4743120   3970685   6.26%   0.704%
  4   9.728   818  884  905 VV 5    5489   2525359   1994295   3.15%   0.354%
  5  10.112   905  919  955 VV 5    7898   1851316   1547242   2.44%   0.274%
 
  6  10.628   955  966 1121 VV    588288  55597415  54425079  85.87%   9.652%
  7  12.526  1121 1139 1201 VV 2   18875   4784207   4234085   6.68%   0.751%
  8  14.095  1253 1282 1327 VV 4   34563   6079385   5601040   8.84%   0.993%
  9  14.797  1327 1346 1417 VV 4    8660   4595473   3934565   6.21%   0.698%
 10  15.829  1417 1440 1591 VV 4   11390   7699117   6428822  10.14%   1.140%
 
 11  18.341  1591 1669 1850 VV 2  120186  36382753  34556986  54.52%   6.129%
 12  20.481  1850 1864 1937 VV 2   10950   5590003   4799467   7.57%   0.851%
 13  21.567  1937 1963 2160 VV 2  759952  65295744  63379242 100.00%  11.241%
 14  24.946  2160 2271 2295 VV 2   14391   8105254   6961825  10.98%   1.235%
 15  25.462  2295 2318 2365 VV 2  165188  17713783  17005786  26.83%   3.016%
 
 16  26.164  2365 2382 2420 VV 2   14903   4950739   4376796   6.91%   0.776%
 17  26.768  2420 2437 2504 VV 5  158869  20919321  20066953  31.66%   3.559%
 18  27.865  2504 2537 2579 VV 8   37214   9057798   8334126  13.15%   1.478%
 19  29.050  2579 2645 2763 VV 2   82476  27686774  25696284  40.54%   4.557%
 20  30.487  2763 2776 2822 VV 2   15342   4692900   4102564   6.47%   0.728%
 
 21  32.133  2822 2926 3062 VV 3  140255  31297596  29036530  45.81%   5.150%
 22  33.856  3062 3083 3124 VV 6   47241   8733959   8092745  12.77%   1.435%
 23  34.942  3124 3182 3245 VV 3   97811  20388831  19158323  30.23%   3.398%
 24  35.798  3245 3260 3285 VV 3   13247   3713836   3282503   5.18%   0.582%
 25  37.213  3285 3389 3462 VV 3   38575  26576249  24749630  39.05%   4.389%
 
 26  38.288  3462 3487 3585 VV 2  113062  27825331  26030869  41.07%   4.617%
 27  39.539  3585 3601 3658 VV 6   98918  18704089  17734328  27.98%   3.145%
 28  40.318  3658 3672 3718 VV 6   22500   7574842   6760392  10.67%   1.199%
 29  40.977  3718 3732 3845 VV 4   53424  14795897  13335468  21.04%   2.365%
 30  42.776  3845 3896 4048 VV 5   57869  30980924  28786694  45.42%   5.105%
 
 31  45.190  4048 4116 4164 VV 5   21417  13554716  12354293  19.49%   2.191%
 32  46.375  4164 4224 4244 VV 5   59218  13341703  12499791  19.72%   2.217%
 33  46.825  4244 4265 4296 VV 8   39870   7844476   7298941  11.52%   1.294%
 34  47.417  4296 4319 4430 VV 4   68241  17427857  15947203  25.16%   2.828%
 35  49.041  4430 4467 4524 VV 2   39850   8440603   7511561  11.85%   1.332%
 
 36  49.853  4524 4541 4564 VV 6   18039   3218160   2810132   4.43%   0.498%
 37  50.632  4564 4612 4697 VV 2   28188  11552357  10242725  16.16%   1.817%
 38  51.718  4697 4711 4775 VV 5   66528   9043005   8231300  12.99%   1.460%
 39  52.629  4775 4794 4859 VV 5   12163   5445330   4645984   7.33%   0.824%
 40  53.945  4859 4914 4973 VV 5   10755   7492920   6420580  10.13%   1.139%
 
 41  54.790  4973 4991 5042 VV 5   11469   3732009   3090914   4.88%   0.548%
 42  55.591  5042 5064 5106 VV     27470   4522588   3898755   6.15%   0.691%
 43  56.392  5106 5137 5170 VV     13223   4225023   3603923   5.69%   0.639%
 44  56.897  5170 5183 5252 VV 6   17380   5207235   4452912   7.03%   0.790%
 45  57.873  5252 5272 5326 VV 6   14888   3851039   3191316   5.04%   0.566%
 
 46  58.839  5326 5360 5461 VBA6   10195   3890098   2720816   4.29%   0.483%