 peak  R.T. first  max last  PK   peak      raw       corr.   corr.    % of
   #   min   scan scan scan  TY  height     area      area    % max.   total
 ---  ----- ----- ---- ---- ---  -------   -------   -------  ------  -------
  1   5.898   432  535  588 BV     12829   4797064   2186282   2.01%   0.197%
  2   6.710   588  609  651 VV 5    7542   2325225   1241707   1.14%   0.112%
  3   7.851   651  713  775 VV 3   13713   6217949   4080739   3.75%   0.368%
  4   8.718   775  792  818 VV 3    3852   1595625    799660   0.73%   0.072%
  5   9.156   818  832  895 VV 3    5338   2883086   1497982   1.38%   0.135%
 
  6  10.133   895  921  933 VV 3    4592   1599098    904148   0.83%   0.082%
  7  10.517   933  956 1103 VV   1331306 112022213 108940047 100.00%   9.836%
  8  12.382  1103 1126 1195 VV 2   53123   8350828   6624328   6.08%   0.598%
  9  13.392  1195 1218 1254 VV 2    5179   2175970   1093210   1.00%   0.099%
 10  13.962  1254 1270 1317 VV 2  193772  20542183  19417916  17.82%   1.753%
 
 11  14.621  1317 1330 1381 VV 10   19050   5261831   4000667   3.67%   0.361%
 12  15.696  1381 1428 1504 VV 8   70514  31249684  28767456  26.41%   2.597%
 13  16.727  1504 1522 1558 VV 8   38201  13783985  12258049  11.25%   1.107%
 14  17.605  1558 1602 1630 VV 8   40292  19450858  17201027  15.79%   1.553%
 15  18.263  1630 1662 1770 VV 2  140597  56872146  52758313  48.43%   4.763%
 
 16  19.854  1770 1807 1837 VV 4   57749  21315871  19167273  17.59%   1.731%
 17  20.370  1837 1854 1911 VV     98776  27460110  25168447  23.10%   2.272%
 18  21.489  1911 1956 2070 VV 2  672143  66812440  61956332  56.87%   5.594%
 19  22.839  2070 2079 2173 VV 2    8305   3939579   1904918   1.75%   0.172%
 20  25.384  2173 2311 2350 VV 7   94044  16699927  13354383  12.26%   1.206%
 
 21  26.108  2350 2377 2410 VV 6   17155   5999451   4741357   4.35%   0.428%
 22  26.712  2410 2432 2486 VV 5   25978   9190697   7495686   6.88%   0.677%
 23  27.765  2486 2528 2592 VV 5   26020   9875840   7666654   7.04%   0.692%
 24  28.939  2592 2635 2666 VV 6   57043  10288219   8821233   8.10%   0.796%
 25  29.630  2666 2698 2746 VV 6   34808   9790025   7990305   7.33%   0.721%
 
 26  30.585  2746 2785 2816 VV 3  168021  25280836  23749904  21.80%   2.144%
 27  31.364  2816 2856 2909 VV 2  289211  48193986  45888336  42.12%   4.143%
 28  32.505  2909 2960 2982 VV 2  219185  45060666  42720789  39.21%   3.857%
 29  32.900  2982 2996 3052 VV    267837  41105094  38530041  35.37%   3.479%
 30  33.701  3052 3069 3102 VV 3  206616  30034084  28362596  26.04%   2.561%
 
 31  34.381  3102 3131 3147 VV 3   52035  13958478  12619249  11.58%   1.139%
 32  34.765  3147 3166 3232 VV 3   53992  24207832  21682842  19.90%   1.958%
 33  35.764  3232 3257 3458 VV 4  149722  90010730  83942064  77.05%   7.579%
 34  38.210  3458 3480 3505 VV    107878  11586345  10523696   9.66%   0.950%
 35  38.682  3505 3523 3574 VV 10   33916  11616195   9861908   9.05%   0.890%
 
 36  39.439  3574 3592 3628 VV 4   66341   9450041   8135954   7.47%   0.735%
 37  40.207  3628 3662 3715 VV 4   53565  11843253   9759511   8.96%   0.881%
 38  41.699  3715 3798 3844 VV 5  119176  41054112  37781449  34.68%   3.411%
 39  42.413  3844 3863 3880 VV 5   31041   7974247   6940768   6.37%   0.627%
 40  42.797  3880 3898 3938 VV 6   50124  12923675  11333983  10.40%   1.023%
 
 41  43.466  3938 3959 4035 VV 10   38476  18510933  15862118  14.56%   1.432%
 42  44.662  4035 4068 4094 VV 4   47679   8673716   7133117   6.55%   0.644%
 43  45.353  4094 4131 4161 VV 5   51251   9838569   8173921   7.50%   0.738%
 44  45.858  4161 4177 4196 VV 3  128649  11083641  10229723   9.39%   0.924%
 45  46.834  4196 4266 4291 VV 7  251062  52020746  49605883  45.54%   4.479%
 
 46  47.339  4291 4312 4406 VV 7   84046  27480484  24266505  22.28%   2.191%
 47  48.842  4406 4449 4464 VV 8   31586   8798897   7412071   6.80%   0.669%
 48  49.544  4464 4513 4537 VV 10   83616  21420079  19370656  17.78%   1.749%
 49  50.071  4537 4561 4602 VV 4  137609  31925766  29824165  27.38%   2.693%
 50  50.685  4602 4617 4690 VV 6   52387  19303364  16510524  15.16%   1.491%
 
 51  51.629  4690 4703 4761 VV 5   27052  10425814   8461424   7.77%   0.764%
 52  53.055  4761 4833 4877 VV 3   82885  22167036  19213043  17.64%   1.735%
 53  53.769  4877 4898 4913 VV 3   32826   6879504   5856215   5.38%   0.529%
 54  54.229  4913 4940 4957 VV 3   64933  12217569  10967246  10.07%   0.990%
 55  54.624  4957 4976 5027 VV 3   37178  14729759  12349651  11.34%   1.115%
 
 56  55.392  5027 5046 5092 VV    128157  14796567  13049298  11.98%   1.178%
 57  56.182  5092 5118 5160 VV     28763   9397969   7683421   7.05%   0.694%
 58  57.082  5160 5200 5239 VV     55598  16302368  14159743  13.00%   1.278%
 59  57.697  5239 5256 5300 VV 2   61403  10633930   9103490   8.36%   0.822%
 60  58.454  5300 5325 5396 VV 6   19190   8089931   5720084   5.25%   0.516%
 
 61  59.331  5396 5405 5461 VBA6    7887   2283032    751643   0.69%   0.068%