 peak  R.T. first  max last  PK   peak      raw       corr.   corr.    % of
   #   min   scan scan scan  TY  height     area      area    % max.   total
 ---  ----- ----- ---- ---- ---  -------   -------   -------  ------  -------
  1   5.966   448  541  598 BV     27738   4685133   2770678   2.28%   0.508%
  2   8.106   598  736  888 VB      4970   7877989   4021191   3.32%   0.738%
  3  10.607   895  964 1121 BV   1757552 124444179 121294328 100.00%  22.257%
  4  12.495  1121 1136 1258 VV     18408   6298503   4273911   3.52%   0.784%
  5  14.064  1258 1279 1421 VV 3   56970  10091489   7773839   6.41%   1.426%
 
  6  15.797  1421 1437 1514 VV 4   39225   5614632   4296587   3.54%   0.788%
  7  17.015  1514 1548 1594 VV 4    3508   2001712    872337   0.72%   0.160%
  8  18.332  1594 1668 1936 PV    264496  60740866  55970089  46.14%  10.270%
  9  21.579  1936 1964 2153 VV   1556053 116162092 112744085  92.95%  20.688%
 10  24.893  2153 2266 2296 VV      4767   4668277   2550015   2.10%   0.468%
 
 11  25.452  2296 2317 2363 VV    238206  19205169  18199721  15.00%   3.340%
 12  26.144  2363 2380 2423 VV     10100   3400926   2444966   2.02%   0.449%
 13  26.758  2423 2436 2510 VV 4   59734   7672050   6295351   5.19%   1.155%
 14  27.844  2510 2535 2600 VV 3   56722   7873914   6431666   5.30%   1.180%
 15  29.040  2600 2644 2693 VV 3  134252  17732158  16290011  13.43%   2.989%
 
 16  29.743  2693 2708 2759 VV 5   19733   5409950   4249724   3.50%   0.780%
 17  30.467  2759 2774 2882 VV 5   11856   5425082   3458716   2.85%   0.635%
 18  32.134  2882 2926 3062 VV    293076  27126491  24406867  20.12%   4.479%
 19  33.846  3062 3082 3135 VV 3  201896  18060926  16936945  13.96%   3.108%
 20  34.932  3135 3181 3292 VB 2   84949  13970255  11514163   9.49%   2.113%
 
 21  36.819  3329 3353 3375 BV 2   19252   2956921   2244039   1.85%   0.412%
 22  37.214  3375 3389 3407 VV 6   20018   2133795   1660879   1.37%   0.305%
 23  37.588  3407 3423 3472 VV 6   11036   3241404   2182153   1.80%   0.400%
 24  38.290  3472 3487 3512 VV 2  101497  10937340  10314330   8.50%   1.893%
 25  38.751  3512 3529 3582 VV 2   19089   7654331   6318207   5.21%   1.159%
 
 26  39.519  3582 3599 3655 VV 3  218282  19302252  18146757  14.96%   3.330%
 27  40.967  3698 3731 3755 VV 4   55070   5766379   4919849   4.06%   0.903%
 28  41.439  3755 3774 3821 VV 4   12494   3669863   2549338   2.10%   0.468%
 29  42.075  3821 3832 3847 VV 4    6517   1332210    908748   0.75%   0.167%
 30  42.744  3847 3893 3998 VV 5   31384  11719812   9350470   7.71%   1.716%
 
 31  44.840  3998 4084 4108 PV 5   17551   6195784   4584681   3.78%   0.841%
 32  45.312  4108 4127 4164 VV 8   12742   3598507   2674139   2.20%   0.491%
 33  46.014  4164 4191 4248 VV 2   34712   7389045   6149076   5.07%   1.128%
 34  46.859  4248 4268 4291 VV 2    4473   1761689   1107207   0.91%   0.203%
 35  47.407  4291 4318 4381 VV 2   38809   5483136   4159863   3.43%   0.763%
 
 36  48.395  4381 4408 4446 VV 2    7968   2840574   1841135   1.52%   0.338%
 37  49.031  4446 4466 4515 VV 4   24690   4018472   2926897   2.41%   0.537%
 38  49.821  4515 4538 4560 VV 8   17660   2173405   1488911   1.23%   0.273%
 39  50.622  4560 4611 4664 VV 4   12943   4600141   2990534   2.47%   0.549%
 40  51.708  4664 4710 4734 VV 6   38149   4911888   3808086   3.14%   0.699%
 
 41  52.235  4734 4758 4799 VV 6    4772   2228337   1220373   1.01%   0.224%
 42  52.926  4799 4821 4860 VV 6    9207   2731149   1783162   1.47%   0.327%
 43  53.585  4860 4881 4927 VV 6    6136   2310171   1216147   1.00%   0.223%
 44  55.516  4927 5057 5093 VV 7   34262  10889667   8191400   6.75%   1.503%
 45  56.185  5093 5118 5167 VV 7    4443   2715060   1546713   1.28%   0.284%
 
 46  56.887  5167 5182 5210 PV 6   12277   2577660   1897314   1.56%   0.348%
 47  57.502  5210 5238 5256 VV 6   27802   5109021   4283226   3.53%   0.786%
 48  57.908  5256 5275 5346 VV 6   26124   6423871   4860375   4.01%   0.892%
 49  58.829  5346 5359 5402 VV 4    9930   2428822   1504157   1.24%   0.276%
 50  59.729  5402 5441 5461 VBA4    5075   2311148   1353373   1.12%   0.248%