 peak  R.T. first  max last  PK   peak      raw       corr.   corr.    % of
   #   min   scan scan scan  TY  height     area      area    % max.   total
 ---  ----- ----- ---- ---- ---  -------   -------   -------  ------  -------
  1   5.878   435  533  589 PV     23900   6679898   3526033   1.93%   0.517%
  2   6.701   589  608  655 VV      3738   2389591   1005650   0.55%   0.147%
  3   7.886   655  716  895 VV 3    9212   9197818   4248300   2.32%   0.623%
  4  10.541   895  958 1118 VV    460779  43650487  38985205  21.31%   5.717%
  5  12.439  1118 1131 1238 VB 2   14772   5367990   2779203   1.52%   0.408%
 
  6  14.008  1241 1274 1321 BV 4   26072   4572693   2799461   1.53%   0.411%
  7  14.667  1321 1334 1404 VV 4    6231   3079442   1238052   0.68%   0.182%
  8  15.753  1404 1433 1514 PV 3   21228   4957721   2527521   1.38%   0.371%
  9  16.773  1514 1526 1591 PV 9    5165   2589907    952395   0.52%   0.140%
 10  18.299  1637 1665 1790 VV 3  102264  23854210  20524939  11.22%   3.010%
 
 11  19.911  1790 1812 1839 VV 3    7208   2971281   1814614   0.99%   0.266%
 12  20.416  1839 1858 1933 VV 3    9625   5157069   3048122   1.67%   0.447%
 13  21.524  1933 1959 2000 VV    345844  29403652  27887314  15.24%   4.089%
 14  22.139  2000 2015 2103 VV 2   25413   7678411   5074253   2.77%   0.744%
 15  24.838  2210 2261 2296 VV 2   10395   4484137   2543046   1.39%   0.373%
 
 16  25.441  2296 2316 2360 VV 3   54717   6718418   5288163   2.89%   0.775%
 17  26.122  2360 2378 2420 VV 3   12611   4072549   2639448   1.44%   0.387%
 18  26.758  2420 2436 2492 VV 8   25185   6130734   4480901   2.45%   0.657%
 19  27.822  2492 2533 2569 VV 8   30299   7088045   5320837   2.91%   0.780%
 20  29.029  2569 2643 2689 VV 5   59443  15459892  12652677   6.92%   1.855%
 
 21  29.687  2689 2703 2759 VV 5   35939   9509468   7720204   4.22%   1.132%
 22  30.653  2759 2791 2813 VV 3  105647  13174770  11820447   6.46%   1.733%
 23  31.432  2813 2862 2892 VV 2  134757  19404472  17358283   9.49%   2.545%
 24  32.562  2892 2965 2986 VV 3  146340  29958390  27554848  15.06%   4.041%
 25  32.968  2986 3002 3059 VV    181162  21741814  19824319  10.83%   2.907%
 
 26  33.791  3059 3077 3107 VV 5  212486  29460116  28159579  15.39%   4.129%
 27  34.471  3107 3139 3154 VV 8   36893   9817615   8513734   4.65%   1.248%
 28  34.965  3154 3184 3242 VV 10   55717  18798446  16432496   8.98%   2.410%
 29  35.777  3242 3258 3305 VV 6   32584   8762587   7113556   3.89%   1.043%
 30  36.424  3305 3317 3375 VV 4   24496   8407444   6647646   3.63%   0.975%
 
 31  37.236  3375 3391 3410 VV 4   16030   3443009   2582458   1.41%   0.379%
 32  37.598  3410 3424 3462 VV 4   10632   4608110   3293184   1.80%   0.483%
 33  38.268  3462 3485 3580 VV   2974438 186023976 182970276 100.00%  26.830%
 34  39.507  3580 3598 3647 VV 5   83563  11046962   9323252   5.10%   1.367%
 35  40.264  3647 3667 3798 VV 7   27776  14219233  10456686   5.71%   1.533%
 
 36  42.437  3845 3865 3885 VV 6   18934   4760997   3769191   2.06%   0.553%
 37  42.843  3885 3902 3995 VV 5   61564  17611834  14723747   8.05%   2.159%
 38  44.730  3995 4074 4123 VV 4   59991  14513718  11316533   6.18%   1.659%
 39  45.432  4123 4138 4158 VV 7   24173   3446575   2585669   1.41%   0.379%
 40  45.937  4158 4184 4203 VV 5  121719  12085630  10940860   5.98%   1.604%
 
 41  46.354  4203 4222 4244 VV 4  138253  13145430  12014492   6.57%   1.762%
 42  46.804  4244 4263 4295 VV 6   78644  14777227  13448784   7.35%   1.972%
 43  47.385  4295 4316 4440 VV 4  124364  24092674  20381278  11.14%   2.989%
 44  48.965  4440 4460 4481 VV 4   10309   2739717   1760028   0.96%   0.258%
 45  49.459  4481 4505 4524 VV 4   19121   3277248   2210557   1.21%   0.324%
 
 46  49.799  4524 4536 4554 VV 4   13659   2564726   1791793   0.98%   0.263%
 47  50.249  4554 4577 4660 VV 4   18806   8519281   5931353   3.24%   0.870%
 48  51.697  4660 4709 4772 VV 6   37035   9984064   7151701   3.91%   1.049%
 49  53.124  4772 4839 4887 VV    236263  25058317  22198899  12.13%   3.255%
 50  53.804  4887 4901 4917 VV 9   18326   3026240   2248562   1.23%   0.330%
 
 51  54.320  4917 4948 4971 VV 9   21191   5786487   4395516   2.40%   0.645%
 52  55.011  4971 5011 5037 VV 9   27440   8254133   6503909   3.55%   0.954%
 53  55.548  5037 5060 5082 VV 2   28700   4891083   3719559   2.03%   0.545%
 54  56.130  5082 5113 5137 VV 2   11635   3961069   2543934   1.39%   0.373%
 55  57.436  5137 5232 5256 VV 2   48698  17788826  14894308   8.14%   2.184%
 
 56  57.896  5256 5274 5307 VV 2   10981   3533423   2232415   1.22%   0.327%
 57  58.807  5307 5357 5399 VV 2   38385   7600480   5417855   2.96%   0.794%
 58  59.444  5399 5415 5460 PBA2    7949   2116601    665885   0.36%   0.098%