 peak  R.T. first  max last  PK   peak      raw       corr.   corr.    % of
   #   min   scan scan scan  TY  height     area      area    % max.   total
 ---  ----- ----- ---- ---- ---  -------   -------   -------  ------  -------
  1   5.937   442  538  595 BV     63208   9481126   8838272   2.00%   0.878%
  2   6.705   595  608  651 VV 6   12748   2595393   2344028   0.53%   0.233%
  3   7.451   651  676  709 VV 4   11322   3253459   2969216   0.67%   0.295%
  4   8.021   709  728  818 VV 4   11810   6347317   5630275   1.27%   0.560%
  5   9.151   818  831  901 VV 3   17735   4780907   4303654   0.97%   0.428%
 
  6  10.194   901  926  945 VV 3    9200   2228915   1957590   0.44%   0.195%
  7  10.688   945  971 1081 VV   4848986 442591424 441764422 100.00%  43.900%
  8  12.070  1081 1097 1251 VV 8   45877  18792844  16614857   3.76%   1.651%
  9  14.089  1251 1281 1315 VV 8   12275   3333877   2946412   0.67%   0.293%
 10  15.746  1394 1432 1481 VV 8    7686   2927393   2431220   0.55%   0.242%
 
 11  16.821  1481 1530 1640 VV 8    6780   5093025   4145555   0.94%   0.412%
 12  18.258  1640 1661 1943 VV    496444  98686040  96743183  21.90%   9.614%
 13  21.572  1943 1963 2190 VV   2155527 163079467 161016911  36.45%  16.001%
 14  25.401  2293 2312 2406 VV 2  294214  26499002  25793699   5.84%   2.563%
 15  26.696  2406 2430 2506 VV 3  143405  16743455  15988279   3.62%   1.589%
 
 16  27.793  2506 2530 2573 VV 3   21574   3587311   3135715   0.71%   0.312%
 17  28.967  2573 2637 2753 VV 3  211444  30661906  29359266   6.65%   2.918%
 18  30.404  2753 2768 2869 VB 3   10560   3416121   2551334   0.58%   0.254%
 19  32.083  2879 2921 3036 BV    301925  26229724  25110935   5.68%   2.495%
 20  33.817  3036 3079 3129 VV 9   31007   5233367   4555531   1.03%   0.453%
 
 21  34.519  3129 3143 3162 VV 4   46028   3888444   3650042   0.83%   0.363%
 22  34.870  3162 3175 3299 VV 3  109092  11960437  10726899   2.43%   1.066%
 23  37.141  3299 3382 3425 PV 4   30749   4547944   3709111   0.84%   0.369%
 24  38.216  3425 3480 3575 VV 2  218644  23666968  22569055   5.11%   2.243%
 25  39.467  3575 3594 3655 VV 4   63418   9810826   9114796   2.06%   0.906%
 
 26  40.904  3655 3725 3815 VV 5   45594   9146188   7852557   1.78%   0.780%
 27  42.671  3815 3886 3995 VV 4   39148  12627602  11331236   2.56%   1.126%
 28  44.843  3995 4084 4100 VV 7   32501  10305018   9562555   2.16%   0.950%
 29  45.227  4100 4119 4161 VV 2   42216   8380582   7595520   1.72%   0.755%
 30  45.875  4161 4178 4204 VV 2   14708   2008591   1636904   0.37%   0.163%
 
 31  46.303  4204 4217 4234 VV 8   15248   1550970   1317598   0.30%   0.131%
 32  46.753  4234 4258 4288 VV 8    7894   2109712   1682920   0.38%   0.167%
 33  47.334  4288 4311 4434 VV 2   71060   9259020   8127251   1.84%   0.808%
 34  48.969  4434 4460 4507 VV 4   23532   3777934   3239655   0.73%   0.322%
 35  50.253  4507 4577 4624 VV 2   31076  11445811  10495320   2.38%   1.043%
 
 36  51.229  4624 4666 4690 VV 2   31122   7823451   7167721   1.62%   0.712%
 37  51.646  4690 4704 4734 VV 5   35943   4797713   4374847   0.99%   0.435%
 38  52.239  4734 4758 4827 VV 9   10527   4553086   3664282   0.83%   0.364%
 39  53.434  4827 4867 4917 VV 10   10688   4509759   3752338   0.85%   0.373%
 40  54.323  4917 4948 4966 VV 10    6173   1725665   1330583   0.30%   0.132%
 
 41  54.971  4966 5007 5030 VV 10   12177   3289342   2725084   0.62%   0.271%
 42  55.508  5030 5056 5102 VV 2   32546   4280190   3639033   0.82%   0.362%
 43  56.397  5102 5137 5160 VV 2    5452   2122283   1628049   0.37%   0.162%
 44  56.803  5160 5174 5230 VV 6   14455   3205043   2609596   0.59%   0.259%
 45  57.779  5230 5263 5313 VV 10   10571   3492289   2700153   0.61%   0.268%
 
 46  58.767  5313 5353 5423 VV 10    4489   2749543   1895217   0.43%   0.188%