 peak  R.T. first  max last  PK   peak      raw       corr.   corr.    % of
   #   min   scan scan scan  TY  height     area      area    % max.   total
 ---  ----- ----- ---- ---- ---  -------   -------   -------  ------  -------
  1   5.931   422  538  592 BV     14938   2676594   1519826   1.91%   0.228%
  2   6.743   592  612  662 VV 2   19345   2340041   1828970   2.30%   0.275%
  3   7.874   662  715  764 VV 9    5993   3211983   2467613   3.10%   0.370%
  4   8.685   764  789  845 VV 9    5006   1960846   1322682   1.66%   0.199%
  5   9.706   845  882  898 VV 9    3268   1103166    698657   0.88%   0.105%
 
  6  10.068   898  915  941 VV 9    4393   1122652    793598   1.00%   0.119%
  7  10.573   941  961 1110 VV    444590  42401559  41144412  51.73%   6.175%
  8  12.471  1110 1134 1201 VV 7   11320   3333609   2610954   3.28%   0.392%
  9  13.524  1201 1230 1261 VV 7    3595   1435542    936236   1.18%   0.141%
 10  14.029  1261 1276 1317 VV 2   23176   3693724   3241122   4.08%   0.486%
 
 11  14.676  1317 1335 1414 VV 7   19488   4473721   3680520   4.63%   0.552%
 12  15.773  1414 1435 1517 VV 4   33770   5556047   4670136   5.87%   0.701%
 13  16.783  1517 1527 1594 VV 8    7226   2069930   1454465   1.83%   0.218%
 14  17.715  1594 1612 1647 VV 8    5348   1450281   1003341   1.26%   0.151%
 15  18.297  1647 1665 1790 VV 2   86579  18935619  17740358  22.31%   2.663%
 
 16  19.921  1790 1813 1837 VV 2   21232   3768748   3310781   4.16%   0.497%
 17  20.436  1837 1860 1926 VV 3   52732  11162559  10231954  12.86%   1.536%
 18  21.512  1926 1958 2137 VV 2  356745  40045715  38001937  47.78%   5.704%
 19  25.012  2216 2277 2296 VV 6   37285   6395501   5696272   7.16%   0.855%
 20  25.429  2296 2315 2356 VV 2   78801   9248869   8565243  10.77%   1.286%
 
 21  26.120  2356 2378 2420 VV 2   15950   5116222   4413391   5.55%   0.662%
 22  26.767  2420 2437 2490 VV 4   53062  12150348  11357125  14.28%   1.705%
 23  27.821  2490 2533 2595 VV 4   41285  13184350  12076861  15.18%   1.813%
 24  28.995  2595 2640 2674 VV 5   72971  15018425  14179544  17.83%   2.128%
 25  30.629  2674 2789 2813 VV 3  243661  42691211  40693784  51.16%   6.108%
 
 26  31.408  2813 2860 2894 VV 2  404097  45248057  44021716  55.35%   6.607%
 27  32.550  2894 2964 3056 VV 3  305878  81951894  79534974 100.00%  11.938%
 28  33.746  3056 3073 3104 VV 4  246080  31129412  30366463  38.18%   4.558%
 29  34.448  3104 3137 3153 VV 6   52348  14589042  13639477  17.15%   2.047%
 30  34.909  3153 3179 3239 VV 6   85125  23513366  22104753  27.79%   3.318%
 
 31  35.742  3239 3255 3305 VV 7   39035  11330002  10334264  12.99%   1.551%
 32  36.423  3305 3317 3345 VV 3   39161   8208768   7628661   9.59%   1.145%
 33  36.927  3345 3363 3432 VV 3   32420  15276611  13809784  17.36%   2.073%
 34  38.266  3432 3485 3511 VV     81685  17769200  16518833  20.77%   2.479%
 35  38.793  3511 3533 3577 VV     36284  13147603  11962539  15.04%   1.795%
 
 36  39.506  3577 3598 3648 VV 7   82072  16562783  15431170  19.40%   2.316%
 37  40.263  3648 3667 3708 VV 4   31975   8430723   7471725   9.39%   1.121%
 38  40.921  3708 3727 3837 VV 4   21658  14182828  12389571  15.58%   1.860%
 39  42.819  3837 3900 4040 VV 4   39883  29332840  26809530  33.71%   4.024%
 40  44.739  4040 4075 4091 VV 4   37134   6960045   6291735   7.91%   0.944%
 
 41  45.409  4091 4136 4164 VV 4   30911  11146595   9935353  12.49%   1.491%
 42  45.924  4164 4183 4203 VV 4   82778   9264862   8718448  10.96%   1.309%
 43  46.352  4203 4222 4242 VV 5   95025  10013589   9455659  11.89%   1.419%
 44  46.802  4242 4263 4294 VV 5   52107  11803790  11112845  13.97%   1.668%
 45  47.395  4294 4317 4440 VV 4   59181  21418991  19277522  24.24%   2.893%
 
 46  48.931  4440 4457 4517 VV 4   15212   5402575   4381425   5.51%   0.658%
 47  49.819  4517 4538 4554 VV 4   12360   2615927   2156521   2.71%   0.324%
 48  50.258  4554 4578 4598 VV 8   20039   3993836   3420241   4.30%   0.513%
 49  50.664  4598 4615 4660 VV 9   11459   4929582   4060840   5.11%   0.610%
 50  51.312  4660 4674 4694 VV 9    8488   2094511   1691238   2.13%   0.254%
 
 51  51.696  4694 4709 4747 VV 7   42686   5670882   4994815   6.28%   0.750%
 52  52.914  4747 4820 4854 VV 7   13029   6507281   5132277   6.45%   0.770%
 53  54.274  4854 4944 4977 VV 7   18256   9874572   8310108  10.45%   1.247%
 54  55.031  4977 5013 5042 VV 7   14800   5432403   4550683   5.72%   0.683%
 55  55.558  5042 5061 5086 VV 6   19090   3281971   2725612   3.43%   0.409%
 
 56  56.315  5086 5130 5172 VV 2   32695   9592621   8516188  10.71%   1.278%
 57  57.105  5172 5202 5221 VV 2   12235   3008959   2414262   3.04%   0.362%
 58  57.873  5221 5272 5328 VV 2   13165   4746899   3446617   4.33%   0.517%