 peak  R.T. first  max last  PK   peak      raw       corr.   corr.    % of
   #   min   scan scan scan  TY  height     area      area    % max.   total
 ---  ----- ----- ---- ---- ---  -------   -------   -------  ------  -------
  1   5.967   458  541  594 BV     71854  11396604  10434920  12.04%   2.576%
  2   6.757   594  613  658 VV 2    9963   2622973   2110639   2.43%   0.521%
  3   7.481   658  679  721 VV 3   13669   2942807   2409650   2.78%   0.595%
  4   8.074   721  733  805 VV 3    5735   3326086   2577902   2.97%   0.636%
  5  10.093   805  917  945 VV 3    5146   4182845   2992411   3.45%   0.739%
 
  6  10.696   945  972 1134 VV   1002638  71038584  69481532  80.16%  17.150%
  7  12.594  1134 1145 1253 VV 4   12817   4723269   3690736   4.26%   0.911%
  8  14.174  1253 1289 1327 VV 4    6197   2427126   1783140   2.06%   0.440%
  9  14.723  1327 1339 1371 VV 4    6427   1377398   1014724   1.17%   0.250%
 10  15.809  1421 1438 1521 VV 4   10261   3351445   2567389   2.96%   0.634%
 
 11  17.148  1521 1560 1608 VV 4    8658   2459005   1700147   1.96%   0.420%
 12  18.333  1639 1668 1794 VV 2  183499  32896670  31640458  36.50%   7.810%
 13  19.924  1794 1813 1850 VV 2    4608   2005285   1453890   1.68%   0.359%
 14  20.461  1850 1862 1943 VV 2    7422   2821679   2023546   2.33%   0.499%
 15  21.613  1943 1967 2070 VV   1306875  87704130  86683699 100.00%  21.395%
 
 16  22.930  2070 2087 2167 VB      5292   2125080   1280535   1.48%   0.316%
 17  24.905  2230 2267 2300 BV      6368   1530413    946188   1.09%   0.234%
 18  25.475  2300 2319 2366 VV 2  156429  12370130  11795309  13.61%   2.911%
 19  26.781  2420 2438 2508 VV 4   79729   7634072   6887798   7.95%   1.700%
 20  27.867  2508 2537 2593 VV 5   41459   4784096   4080133   4.71%   1.007%
 
 21  29.052  2593 2645 2683 VV 3  105998  12694374  11920391  13.75%   2.942%
 22  29.711  2683 2705 2759 VV 10   12905   3012003   2293470   2.65%   0.566%
 23  30.490  2759 2776 2812 VV 7   17075   2486702   2027828   2.34%   0.501%
 24  31.444  2812 2863 2891 VV 5   14582   2685427   2038982   2.35%   0.503%
 25  32.146  2891 2927 3052 PV 2  218517  22310179  20967477  24.19%   5.175%
 
 26  33.858  3052 3083 3115 VV 5   82239   8657848   8083188   9.32%   1.995%
 27  34.582  3115 3149 3164 VV 3   37477   3516147   3053788   3.52%   0.754%
 28  34.944  3164 3182 3284 VV 2   93318   9197919   7957447   9.18%   1.964%
 29  37.215  3284 3389 3415 VV 2   16995   3381049   2284899   2.64%   0.564%
 30  37.775  3415 3440 3458 VV 2    4548   1099640    714929   0.82%   0.176%
 
 31  38.291  3458 3487 3565 VV 2   87121   7902966   6991901   8.07%   1.726%
 32  39.531  3565 3600 3638 VV 4  141757  12120153  11428596  13.18%   2.821%
 33  40.288  3638 3669 3701 VV 4    5260   1729599   1175467   1.36%   0.290%
 34  40.979  3701 3732 3845 VV 3   77677   7932487   6646644   7.67%   1.641%
 35  42.756  3845 3894 4028 PV 5   36623  10943628   9279358  10.70%   2.290%
 
 36  44.808  4028 4081 4108 VV 5   11794   3176467   2435641   2.81%   0.601%
 37  45.477  4108 4142 4167 VV 5    7874   2188784   1598892   1.84%   0.395%
 38  45.960  4167 4186 4208 PV 5   17249   1800813   1420372   1.64%   0.351%
 39  46.377  4208 4224 4248 VV 7   20866   2168463   1782623   2.06%   0.440%
 40  46.816  4248 4264 4297 VV 7   14222   2595185   2119954   2.45%   0.523%
 
 41  47.408  4297 4318 4376 VV 4   33400   4141431   3384187   3.90%   0.835%
 42  49.032  4441 4466 4507 VV 3   59259   5432171   4774658   5.51%   1.178%
 43  49.822  4507 4538 4557 VV 6   13824   1956116   1452920   1.68%   0.359%
 44  50.623  4557 4611 4660 VV 3   17584   4654159   3598797   4.15%   0.888%
 45  51.304  4660 4673 4689 VV 3    5403    812593    540021   0.62%   0.133%
 
 46  51.720  4689 4711 4747 PV 5   39761   3971748   3399264   3.92%   0.839%
 47  55.583  4747 5063 5093 VV 9   36837  21576036  17914300  20.67%   4.422%
 48  56.395  5093 5137 5167 VV 9   21918   9231017   8141492   9.39%   2.010%
 49  56.866  5167 5180 5253 VV 2   38639   7444734   6205101   7.16%   1.532%
 50  57.865  5253 5271 5342 VV 2    8858   3013622   1962509   2.26%   0.484%