 peak  R.T. first  max last  PK   peak      raw       corr.   corr.    % of
   #   min   scan scan scan  TY  height     area      area    % max.   total
 ---  ----- ----- ---- ---- ---  -------   -------   -------  ------  -------
  1   5.966   408  541  596 BV     34942   6560178   3541931   1.72%   0.433%
  2   6.800   596  617  657 VV 2   14285   3069551   2063683   1.00%   0.252%
  3   7.546   657  685  708 VV 2   24189   3956077   3121293   1.52%   0.381%
  4   7.985   708  725  780 VV 2   14706   5552124   4254964   2.07%   0.520%
  5   8.786   780  798  828 VV 2   10736   2691635   1823568   0.89%   0.223%
 
  6   9.246   828  840  866 VV 4    9510   1982295   1327954   0.64%   0.162%
  7   9.696   866  881  908 VV 4    5672   1782187   1057235   0.51%   0.129%
  8  10.651   908  968 1121 VV   2990867 209570895 205947817 100.00%  25.150%
  9  12.505  1121 1137 1198 VV 2   65973  11322573   9867668   4.79%   1.205%
 10  13.558  1198 1233 1268 VV 2   13990   4781861   3431081   1.67%   0.419%
 
 11  14.096  1268 1282 1320 VV 3  137457  15910250  14955523   7.26%   1.826%
 12  14.710  1320 1338 1427 VV 9   33134  11040075   8762116   4.25%   1.070%
 13  15.841  1427 1441 1534 VV 10   16160   6729009   4773219   2.32%   0.583%
 14  17.179  1534 1563 1600 VV 3   43387   6558659   5331029   2.59%   0.651%
 15  17.739  1600 1614 1654 VV 9   14338   3842099   2837269   1.38%   0.346%
 
 16  18.353  1654 1670 1799 VV 2  299713  55110708  52418142  25.45%   6.401%
 17  19.977  1799 1818 1850 VV 2   15742   5223511   4133290   2.01%   0.505%
 18  20.493  1850 1865 1937 VV 2   28088   8971000   7225421   3.51%   0.882%
 19  21.623  1937 1968 2147 VV   1523879 126922528 122807405  59.63%  14.997%
 20  24.903  2219 2267 2296 VV     12073   5067187   3642783   1.77%   0.445%
 
 21  25.496  2296 2321 2363 VV    227971  20334492  19094631   9.27%   2.332%
 22  26.297  2363 2394 2426 VV     17807   7020344   5765156   2.80%   0.704%
 23  26.813  2426 2441 2500 VV 7   44038   9712154   8216922   3.99%   1.003%
 24  27.888  2500 2539 2606 VV 10   39312  11698348   9656843   4.69%   1.179%
 25  29.073  2606 2647 2696 VV 4  119761  20740165  18944226   9.20%   2.313%
 
 26  29.742  2696 2708 2766 VV 5   33152  10615959   9029006   4.38%   1.103%
 27  30.697  2766 2795 2816 VV 3  115331  13477140  12384012   6.01%   1.512%
 28  31.476  2816 2866 2899 VV 4  116922  18444256  16693040   8.11%   2.039%
 29  32.178  2899 2930 2948 VV    217478  18988450  17923606   8.70%   2.189%
 30  32.617  2948 2970 3041 VV    141100  37103455  34641543  16.82%   4.230%
 
 31  33.824  3041 3080 3135 VV 6  155912  32786721  30530848  14.82%   3.728%
 32  34.987  3135 3186 3245 VV 6   86900  26839131  23980267  11.64%   2.928%
 33  35.821  3245 3262 3382 VV 7   35170  17897812  14674777   7.13%   1.792%
 34  37.258  3382 3393 3415 VV 7   21957   3392932   2715758   1.32%   0.332%
 35  37.741  3415 3437 3467 VV 7   11093   4378285   3286949   1.60%   0.401%
 
 36  38.322  3467 3490 3588 VV 2   84249  17579375  15178533   7.37%   1.854%
 37  39.551  3588 3602 3642 VV 4  127102  12273100  11156969   5.42%   1.362%
 38  40.319  3642 3672 3698 VV 5   21137   4136519   2994992   1.45%   0.366%
 39  40.999  3698 3734 3808 VV 6   27909   7990320   5762950   2.80%   0.704%
 40  42.865  3841 3904 4041 VV 9   44459  19649650  15840173   7.69%   1.934%
 
 41  44.796  4041 4080 4108 VV 7   25660   5227600   3936118   1.91%   0.481%
 42  45.487  4108 4143 4171 VV 7   13643   3474135   2225965   1.08%   0.272%
 43  45.981  4171 4188 4206 VV 2   68444   5876589   5205185   2.53%   0.636%
 44  46.398  4206 4226 4246 VV 2   83536   7466499   6659301   3.23%   0.813%
 45  46.847  4246 4267 4301 VV 6   48056   8794818   7705091   3.74%   0.941%
 
 46  47.451  4301 4322 4447 VV 4   42164  13222933  10218629   4.96%   1.248%
 47  49.042  4447 4467 4524 VV 4   12220   3533868   2012592   0.98%   0.246%
 48  49.843  4524 4540 4604 VV 4   11942   4095662   2541964   1.23%   0.310%
 49  50.666  4604 4615 4661 VV 4    8046   2710672   1561293   0.76%   0.191%
 50  51.741  4661 4713 4740 PV 5   53474   6743399   5212560   2.53%   0.637%
 
 51  52.981  4740 4826 4864 VV 5   12800   6632707   4256847   2.07%   0.520%
 52  53.507  4864 4874 4890 VV 5    9588   1643162   1086140   0.53%   0.133%
 53  53.859  4890 4906 4926 VV 5   12125   2426587   1653678   0.80%   0.202%
 54  54.352  4926 4951 4977 VV 5   16463   3793011   2741564   1.33%   0.335%
 55  54.824  4977 4994 5043 VV 5   14703   5630870   4177991   2.03%   0.510%
 
 56  55.592  5043 5064 5107 VV 3   26364   5937832   4482985   2.18%   0.547%
 57  56.228  5107 5122 5143 VV 3   10624   2295838   1507207   0.73%   0.184%
 58  57.040  5143 5196 5256 VV 3   15609   9377843   6929225   3.36%   0.846%
 59  57.962  5256 5280 5340 VV 3    9207   3917855   2133923   1.04%   0.261%
 60  58.851  5340 5361 5406 VV 3    5338   2239236    844116   0.41%   0.103%