 peak  R.T. first  max last  PK   peak      raw       corr.   corr.    % of
   #   min   scan scan scan  TY  height     area      area    % max.   total
 ---  ----- ----- ---- ---- ---  -------   -------   -------  ------  -------
  1   5.920   488  537  592 BV     19585   2613128   2148921   2.69%   0.575%
  2   6.721   592  610  691 VV 3    8519   2459320   1974727   2.47%   0.528%
  3   7.939   691  721  808 VV 3    7765   3905048   3276060   4.10%   0.877%
  4   9.178   808  834  862 VV 8    8295   1429592   1147072   1.44%   0.307%
  5  10.561   941  960 1121 VV    915909  74687328  73782819  92.44%  19.746%
 
  6  12.448  1121 1132 1251 VV 5   17945   5010705   4219684   5.29%   1.129%
  7  14.006  1251 1274 1324 VV 3   42868   4868610   4474499   5.61%   1.197%
  8  14.675  1324 1335 1411 VV 3    4550   1835345   1338489   1.68%   0.358%
  9  15.751  1411 1433 1517 VV 3   17510   2852920   2335335   2.93%   0.625%
 10  16.815  1517 1530 1581 VV 3    3964   1426556   1109648   1.39%   0.297%
 
 11  18.285  1634 1664 1797 VV 2  231470  37970883  37082136  46.46%   9.924%
 12  19.887  1797 1810 1847 VV 2    4768   1670889   1356211   1.70%   0.363%
 13  20.545  1847 1870 1933 VV 2    6743   2742755   2242280   2.81%   0.600%
 14  21.544  1933 1961 2200 VB   1165749  81323536  79818947 100.00%  21.362%
 15  24.857  2226 2263 2292 BV      6960   1564948   1232364   1.54%   0.330%
 
 16  25.428  2292 2315 2356 PV 3  162427  12841493  12498795  15.66%   3.345%
 17  26.130  2356 2379 2410 VV 3    8618   2232198   1912570   2.40%   0.512%
 18  26.723  2410 2433 2500 VV 4   94298   8628883   8091515  10.14%   2.165%
 19  27.809  2500 2532 2587 VV 6   32087   3859035   3366252   4.22%   0.901%
 20  29.005  2587 2641 2683 VV 2  125316  12208892  11694489  14.65%   3.130%
 
 21  29.718  2683 2706 2749 VV 5   25447   3861358   3435190   4.30%   0.919%
 22  30.420  2749 2770 2806 VV 5    8292   1339968   1022534   1.28%   0.274%
 23  31.397  2806 2859 2909 VV 5    9047   2564810   1995916   2.50%   0.534%
 24  32.110  2909 2924 3044 VV    174064  15018207  14276604  17.89%   3.821%
 25  33.810  3044 3079 3121 VV 3  142911  11623679  11181591  14.01%   2.992%
 
 26  34.546  3121 3146 3165 VV 4   28623   2536479   2280215   2.86%   0.610%
 27  34.897  3165 3178 3215 VV 3   67048   5157236   4826511   6.05%   1.292%
 28  36.806  3284 3352 3375 PV 3    8626   2652336   2096208   2.63%   0.561%
 29  37.168  3375 3385 3405 VV 9   18612   1499977   1323175   1.66%   0.354%
 30  37.574  3405 3422 3456 VV 9    5244   1239454    953680   1.19%   0.255%
 
 31  38.243  3456 3483 3512 VV 3   82080   6141966   5809027   7.28%   1.555%
 32  38.715  3512 3526 3554 VV 3    5148   1167447    897003   1.12%   0.240%
 33  39.483  3554 3596 3655 VV 4  134945  12138266  11499864  14.41%   3.078%
 34  40.262  3655 3667 3702 VV 4    4795   1151135    879132   1.10%   0.235%
 35  40.931  3702 3728 3841 VV 4   30622   4035270   3193989   4.00%   0.855%
 
 36  42.720  3841 3891 4035 VV 9   18348   7596569   6529008   8.18%   1.747%
 37  44.804  4035 4081 4118 PV 9   11177   3159614   2690663   3.37%   0.720%
 38  45.408  4118 4136 4168 VV 9   11184   1862387   1517854   1.90%   0.406%
 39  45.913  4168 4182 4204 VV 9   20011   1960417   1723107   2.16%   0.461%
 40  46.330  4204 4220 4240 VV 7   25225   2340873   2108012   2.64%   0.564%
 
 41  46.801  4240 4263 4293 VV 9   16169   3082725   2765472   3.46%   0.740%
 42  47.372  4293 4315 4381 VV 3   31420   5201304   4625446   5.79%   1.238%
 43  48.348  4381 4404 4444 VV 3    8740   2282199   1858222   2.33%   0.497%
 44  48.996  4444 4463 4514 VV 8   17923   3200628   2749400   3.44%   0.736%
 45  49.786  4514 4535 4554 VV 8   11963   1903373   1627496   2.04%   0.436%
 
 46  50.236  4554 4576 4597 VV 10   13197   2215331   1897643   2.38%   0.508%
 47  50.598  4597 4609 4654 VV 7   10032   2209191   1797908   2.25%   0.481%
 48  51.278  4654 4671 4694 VV 7    5212   1153534    885430   1.11%   0.237%
 49  51.673  4694 4707 4740 VV 3   62474   5592443   5270103   6.60%   1.410%
 50  52.902  4740 4819 4885 VV 3    8608   5049426   4048870   5.07%   1.084%
 
 51  53.790  4885 4900 4927 VV 3    5651   1261758    984641   1.23%   0.264%
 52  54.262  4927 4943 4996 VV 3    7837   2481826   1989444   2.49%   0.532%
 53  54.986  4996 5009 5037 VV 3    7714   1214011    912031   1.14%   0.244%
 54  55.535  5037 5059 5103 VV 3   13728   2100108   1635339   2.05%   0.438%
 55  56.918  5103 5185 5220 VV 3    8061   3826842   3041767   3.81%   0.814%
 
 56  57.444  5220 5233 5254 VV 3    6888   1258969    985780   1.24%   0.264%
 57  57.894  5254 5274 5326 VV 3    5924   1785525   1239439   1.55%   0.332%