 peak  R.T. first  max last  PK   peak      raw       corr.   corr.    % of
   #   min   scan scan scan  TY  height     area      area    % max.   total
 ---  ----- ----- ---- ---- ---  -------   -------   -------  ------  -------
  1   5.911   448  536  595 BV     18258   2127208   1636958   0.77%   0.307%
  2   6.745   595  612  655 VV     21881   2274033   2060404   0.97%   0.387%
  3   7.941   655  721  815 VV 5    7389   4261269   3544846   1.67%   0.666%
  4   9.181   815  834  905 VV 2    9335   1966340   1586793   0.75%   0.298%
  5  10.564   905  960 1072 VV   2982482 212756578 211971133 100.00%  39.817%
 
  6  11.957  1072 1087 1111 VV     12185   2664547   2380381   1.12%   0.447%
  7  12.462  1111 1133 1248 VV 4   26278   7820991   7063145   3.33%   1.327%
  8  14.020  1248 1275 1407 VV 3  168845  21583610  20786331   9.81%   3.904%
  9  15.786  1407 1436 1514 VV 10   11056   3259899   2694688   1.27%   0.506%
 10  18.299  1647 1665 1933 VV    284928  53690369  52260694  24.65%   9.817%
 
 11  21.547  1933 1961 2137 VV    787212  59246290  57910641  27.32%  10.878%
 12  25.431  2293 2315 2360 PV    152790  13787497  13448531   6.34%   2.526%
 13  26.133  2360 2379 2423 VV      7535   2186354   1781687   0.84%   0.335%
 14  26.758  2423 2436 2493 VV 5   60860   7647862   7183445   3.39%   1.349%
 15  27.855  2493 2536 2576 VV 5   15547   3130534   2580666   1.22%   0.485%
 
 16  29.019  2576 2642 2759 VV 2   93847  17745081  16703181   7.88%   3.138%
 17  30.456  2759 2773 2830 VV 2    8254   2128106   1655776   0.78%   0.311%
 18  31.432  2830 2862 2889 VV 2    4409   1357621    950011   0.45%   0.178%
 19  32.113  2889 2924 3056 VV 3   84203  10154201   9135984   4.31%   1.716%
 20  33.846  3056 3082 3132 VV 5   70723   8729613   8266453   3.90%   1.553%
 
 21  34.921  3132 3180 3279 VB 4   42835   7121826   6176201   2.91%   1.160%
 22  37.193  3319 3387 3412 BV 4   14207   2095985   1563027   0.74%   0.294%
 23  37.621  3412 3426 3458 VV 4    4588    938607    661939   0.31%   0.124%
 24  38.268  3458 3485 3585 VV 2  119673  14350084  13567393   6.40%   2.548%
 25  39.530  3585 3600 3718 VV 6   74653  11784714  10839305   5.11%   2.036%
 
 26  40.956  3718 3730 3822 VV 6    9757   2717833   2026827   0.96%   0.381%
 27  42.734  3822 3892 3908 PV 6   12295   2834275   2344182   1.11%   0.440%
 28  43.063  3908 3922 4015 VV 6    9223   3543355   2864133   1.35%   0.538%
 29  44.840  4015 4084 4101 VV 6    9559   3123364   2531160   1.19%   0.475%
 30  45.378  4101 4133 4171 VV 4   43978   9577324   9083285   4.29%   1.706%
 
 31  45.959  4171 4186 4206 VV 4   13065   2161038   1915933   0.90%   0.360%
 32  46.343  4206 4221 4241 VV 4   12469   1595759   1346345   0.64%   0.253%
 33  47.320  4241 4310 4417 VV 2   68865  13187786  12131805   5.72%   2.279%
 34  48.746  4417 4440 4484 VV 2    4609   1770248   1289061   0.61%   0.242%
 35  50.337  4484 4585 4650 VV 2   16760   9703324   8492409   4.01%   1.595%
 
 36  51.358  4650 4678 4697 VV 2   13325   3430341   3044133   1.44%   0.572%
 37  51.720  4697 4711 4746 VV 8   26195   3931508   3463487   1.63%   0.651%
 38  53.497  4746 4873 4930 VV 8    8525   8726426   7357502   3.47%   1.382%
 39  54.298  4930 4946 4977 VV 8    7508   1999231   1598630   0.75%   0.300%
 40  55.000  4977 5010 5040 VV 8   10124   3348785   2835411   1.34%   0.533%
 
 41  55.560  5040 5061 5110 VV 2   20546   4266017   3671260   1.73%   0.690%
 42  56.569  5110 5153 5172 VV 2   11455   3154714   2636454   1.24%   0.495%
 43  56.986  5172 5191 5219 VV 2    7787   2209146   1809135   0.85%   0.340%
 44  57.513  5219 5239 5256 VV 2    8513   1965668   1642814   0.78%   0.309%
 45  57.886  5256 5273 5317 VV 2    7559   2417337   1875902   0.88%   0.352%