 peak  R.T. first  max last  PK   peak      raw       corr.   corr.    % of
   #   min   scan scan scan  TY  height     area      area    % max.   total
 ---  ----- ----- ---- ---- ---  -------   -------   -------  ------  -------
  1   5.901   305  535  595 BV 10   49422   6396838   5234491   3.38%   1.049%
  2   6.702   595  608  648 VV 4    5302   1089095    856866   0.55%   0.172%
  3   7.371   648  669  690 VV      5581   1061314    889560   0.57%   0.178%
  4   7.898   690  717  795 VV 5    8059   3266490   2792340   1.80%   0.560%
  5   9.148   795  831  895 VV 10    6832   2556057   2107048   1.36%   0.422%
 
  6  10.564   941  960 1114 VV   2335003 155560864 154797543 100.00%  31.032%
  7  12.451  1114 1132 1254 VV 9   11205   5382208   4587171   2.96%   0.920%
  8  14.185  1254 1290 1411 VV 4   11246   6822488   6103277   3.94%   1.224%
  9  15.688  1411 1427 1501 VV 4    8040   2518519   2080092   1.34%   0.417%
 10  18.222  1501 1658 1794 VV    261219  52222999  50794307  32.81%  10.183%
 
 11  19.813  1794 1803 1829 VV 8   17974   3002506   2727977   1.76%   0.547%
 12  20.340  1829 1851 1930 VV 4   21356   6698462   5987914   3.87%   1.200%
 13  21.492  1930 1956 2200 VV 2 1485011 106916813 105456980  68.13%  21.141%
 14  24.762  2236 2254 2283 VV 2    6850   1680756   1445805   0.93%   0.290%
 15  25.354  2283 2308 2342 VV    210884  16168684  15862631  10.25%   3.180%
 
 16  25.914  2342 2359 2410 VV     12125   3950992   3561984   2.30%   0.714%
 17  26.638  2410 2425 2488 VV 6   50716   5976454   5542191   3.58%   1.111%
 18  27.746  2488 2526 2565 VV 6   18016   3723909   3360720   2.17%   0.674%
 19  28.920  2565 2633 2736 VV    130832  20422956  19576658  12.65%   3.924%
 20  30.335  2736 2762 2796 VV      8644   2255685   1896717   1.23%   0.380%
 
 21  31.312  2796 2851 2896 VV      8613   2917856   2437607   1.57%   0.489%
 22  32.025  2896 2916 3042 VV    245658  20771101  19986979  12.91%   4.007%
 23  33.715  3042 3070 3102 VV 5   34622   3998635   3713585   2.40%   0.744%
 24  34.812  3102 3170 3295 VV 2   80027  11525097  10635463   6.87%   2.132%
 25  36.524  3295 3326 3358 VV 2    4127   1150083    872847   0.56%   0.175%
 
 26  37.083  3358 3377 3402 VV 7   17275   1636119   1436780   0.93%   0.288%
 27  38.169  3451 3476 3568 VV 2   87899  10685722  10148558   6.56%   2.034%
 28  39.387  3568 3587 3628 VV 5   64348   5979504   5669762   3.66%   1.137%
 29  40.166  3628 3658 3684 VV 5    5947   1421603   1117241   0.72%   0.224%
 30  40.847  3684 3720 3798 VV 3   44712   5642335   5089972   3.29%   1.020%
 
 31  42.437  3798 3865 4000 VV 5   18331   8401125   7326972   4.73%   1.469%
 32  44.676  4000 4069 4154 PV 10    8756   5600562   4869481   3.15%   0.976%
 33  45.806  4154 4172 4198 VV 6   21265   2006280   1798288   1.16%   0.360%
 34  46.234  4198 4211 4231 VV 6   25412   2231569   2043466   1.32%   0.410%
 35  46.684  4231 4252 4291 VV 6   16024   2899484   2605970   1.68%   0.522%
 
 36  47.276  4291 4306 4367 VV 2   36418   4958344   4572913   2.95%   0.917%
 37  48.900  4427 4454 4514 VV 3   21520   3034484   2638646   1.70%   0.529%
 38  49.701  4514 4527 4546 VV 3    6411    834538    661624   0.43%   0.133%
 39  50.173  4546 4570 4647 VV 5    8228   2742814   2249078   1.45%   0.451%
 40  51.171  4647 4661 4680 VV 7    5496    684548    506404   0.33%   0.102%
 
 41  51.577  4680 4698 4726 VV 4   25097   2452305   2210230   1.43%   0.443%
 42  52.499  4726 4782 4830 VV 4    3530   1819109   1230316   0.79%   0.247%
 43  53.420  4830 4866 4903 VV 4    3883   1529642   1140522   0.74%   0.229%
 44  54.199  4903 4937 4961 VV 4    4040   1428720   1109326   0.72%   0.222%
 45  55.428  4961 5049 5083 VV 4   22983   4995233   4224504   2.73%   0.847%
 
 46  56.745  5157 5169 5237 VV 5   10305   2480590   2070353   1.34%   0.415%
 47  57.689  5237 5255 5303 VV 5    4190   1161787    803965   0.52%   0.161%