 peak  R.T. first  max last  PK   peak      raw       corr.   corr.    % of
   #   min   scan scan scan  TY  height     area      area    % max.   total
 ---  ----- ----- ---- ---- ---  -------   -------   -------  ------  -------
  1   5.920   505  537  591 PV     32031   3732265   3430036   1.37%   0.630%
  2   6.754   591  613  650 VV 6    4951    934840    736181   0.29%   0.135%
  3   7.391   650  671  691 PV      6012   1007412    854280   0.34%   0.157%
  4   7.939   691  721  821 VB 2   12168   3874958   3271284   1.31%   0.601%
  5  10.605   928  964 1075 BV   3648204 250960859 250279846 100.00%  45.989%
 
  6  11.988  1075 1090 1121 VV     12633   2844316   2473110   0.99%   0.454%
  7  12.504  1121 1137 1209 VV     10281   3471214   2928358   1.17%   0.538%
  8  13.513  1209 1229 1256 VV      4528    892037    653991   0.26%   0.120%
  9  14.051  1256 1278 1407 VV 5   32415   6509695   5753296   2.30%   1.057%
 10  15.795  1407 1437 1487 VV 5    6979   1431797   1081454   0.43%   0.199%
 
 11  18.297  1487 1665 1937 PV    290261  58997530  56969295  22.76%  10.468%
 12  21.555  1937 1962 2073 VV    825626  63885096  63136867  25.23%  11.601%
 13  22.905  2073 2085 2143 VV      6828   1652480   1266893   0.51%   0.233%
 14  25.439  2245 2316 2357 VV    178748  13997692  13492866   5.39%   2.479%
 15  26.120  2357 2378 2420 VV      7408   1915049   1603748   0.64%   0.295%
 
 16  26.756  2420 2436 2493 VV 5   53832   6482100   6159699   2.46%   1.132%
 17  27.842  2493 2535 2583 VV 5   20414   3827011   3351498   1.34%   0.616%
 18  29.016  2583 2642 2689 VV 2  133381  15349968  14813752   5.92%   2.722%
 19  29.686  2689 2703 2759 VV 2   11486   2800525   2353899   0.94%   0.433%
 20  30.465  2759 2774 2806 VV 2    6665   1270750   1043520   0.42%   0.192%
 
 21  31.408  2806 2860 2889 VV 2    7965   1791905   1372795   0.55%   0.252%
 22  32.110  2889 2924 2989 VV 3  101738  11120924  10668758   4.26%   1.960%
 23  32.955  2989 3001 3024 VV 4   10385   1278464   1089645   0.44%   0.200%
 24  33.844  3024 3082 3121 VV 6   41811   6612128   6089510   2.43%   1.119%
 25  34.546  3121 3146 3161 VV 5   23199   2585134   2358745   0.94%   0.433%
 
 26  34.908  3161 3179 3275 VV 3   65285   7148494   6464989   2.58%   1.188%
 27  36.609  3275 3334 3375 PV 3    4344   1678748   1228424   0.49%   0.226%
 28  37.180  3375 3386 3406 VV 6   17208   1284580   1139908   0.46%   0.209%
 29  37.607  3406 3425 3465 VV 6    3908   1171174    891907   0.36%   0.164%
 30  38.255  3465 3484 3552 VV 2   87927   8767062   8273911   3.31%   1.520%
 
 31  39.100  3552 3561 3578 VV 2    5690    963156    807278   0.32%   0.148%
 32  39.517  3578 3599 3655 VV 6   86229  10185620   9754942   3.90%   1.792%
 33  40.285  3655 3669 3715 VV 6    5602   1769448   1402863   0.56%   0.258%
 34  40.943  3715 3729 3801 VV 6   17882   2976436   2511834   1.00%   0.462%
 35  42.523  3848 3873 4038 VV 8   14835   7521329   6530336   2.61%   1.200%
 
 36  44.849  4038 4085 4164 VV 5   19483   8649312   7942045   3.17%   1.459%
 37  45.924  4164 4183 4208 VV 6   26774   2593209   2327171   0.93%   0.428%
 38  46.341  4208 4221 4241 VV 4   35451   2984763   2763776   1.10%   0.508%
 39  46.791  4241 4262 4294 PV 8   22222   3618978   3320965   1.33%   0.610%
 40  47.373  4294 4315 4379 VV 3   37334   5292873   4783171   1.91%   0.879%
 
 41  48.305  4379 4400 4444 VV 3    5245   1790550   1378249   0.55%   0.253%
 42  48.996  4444 4463 4514 PV 3    7579   1745838   1337888   0.53%   0.246%
 43  49.819  4514 4538 4554 VV 3    7140    995805    773460   0.31%   0.142%
 44  50.269  4554 4579 4595 VV 3   11959   1968652   1695209   0.68%   0.311%
 45  50.598  4595 4609 4657 VV 3    9746   2471197   2001529   0.80%   0.368%
 
 46  51.290  4657 4672 4689 VV 3    7631   1218482   1016222   0.41%   0.187%
 47  51.706  4689 4710 4743 VV 6   31090   3931989   3605918   1.44%   0.663%
 48  52.244  4743 4759 4804 VV 6    4490   1560697   1177306   0.47%   0.216%
 49  54.779  4804 4990 5029 VV 6    9221   6610312   5022492   2.01%   0.923%
 50  55.536  5029 5059 5102 VV 7   20292   2883363   2366045   0.95%   0.435%
 
 51  56.468  5102 5144 5168 VV 7    7647   2300600   1847641   0.74%   0.340%
 52  57.434  5168 5232 5313 VV 7    5477   4890299   3810219   1.52%   0.700%
 53  58.805  5313 5357 5396 PV 4    7074   1398929    810171   0.32%   0.149%