 peak  R.T. first  max last  PK   peak      raw       corr.   corr.    % of
   #   min   scan scan scan  TY  height     area      area    % max.   total
 ---  ----- ----- ---- ---- ---  -------   -------   -------  ------  -------
  1   5.898   448  535  595 BV     14070   4143307   1186645   2.20%   0.172%
  2   6.710   595  609  655 VV 2    8583   2178599    939345   1.74%   0.136%
  3   7.862   655  714  855 VV     21838   9158612   5013644   9.28%   0.725%
  4  10.034   855  912  938 VV 9    5096   3097636   1319986   2.44%   0.191%
  5  10.528   938  957 1114 VV    458188  45730906  42002295  77.75%   6.071%
 
  6  12.426  1114 1130 1203 VV 8   11878   5415807   3488457   6.46%   0.504%
  7  13.436  1203 1222 1258 VV 8    5560   2446269   1277830   2.37%   0.185%
  8  13.984  1258 1272 1407 VV 9   36609  13805318  10594339  19.61%   1.531%
  9  15.718  1407 1430 1507 VV 4   27758   6971385   4806927   8.90%   0.695%
 10  16.716  1507 1521 1597 VV 4   16248   5209646   3251395   6.02%   0.470%
 
 11  18.252  1636 1661 1790 VV 4   73604  21441927  18080009  33.47%   2.613%
 12  19.865  1790 1808 1837 VV 2   39768   6801618   5723641  10.60%   0.827%
 13  20.381  1837 1855 1930 VV 4   91834  19503805  17239828  31.91%   2.492%
 14  21.467  1930 1954 1997 VV 3  214066  23836489  22250687  41.19%   3.216%
 15  22.082  1997 2010 2140 VV 2   88357  20450279  16424511  30.40%   2.374%
 
 16  25.384  2236 2311 2346 VV 8   64153  16584671  14112733  26.12%   2.040%
 17  25.988  2346 2366 2416 VV 3   35631  12647808  10923956  20.22%   1.579%
 18  26.756  2416 2436 2483 VV 6   53825  12197175  10494992  19.43%   1.517%
 19  27.919  2483 2542 2596 VV 9   47235  17212246  14518302  26.88%   2.098%
 20  28.928  2596 2634 2666 VV 7   66388  15362310  13719085  25.40%   1.983%
 
 21  29.608  2666 2696 2719 VV 9   41898  10540870   9090271  16.83%   1.314%
 22  29.971  2719 2729 2753 VV 2   65532   7646454   6676943  12.36%   0.965%
 23  30.563  2753 2783 2813 VV 3  272450  32544382  30874861  57.15%   4.463%
 24  31.342  2813 2854 2909 VV 2  477344  56682693  54021356 100.00%   7.808%
 25  32.483  2909 2958 2982 VV    336432  52589490  50556029  93.59%   7.307%
 
 26  32.889  2982 2995 3049 VV 2  352100  40340855  38328446  70.95%   5.540%
 27  33.668  3049 3066 3098 VV 3  287040  34566607  33101129  61.27%   4.784%
 28  34.228  3098 3117 3149 VV 6   61047  17741282  16136290  29.87%   2.332%
 29  34.864  3149 3175 3230 VV 9   79640  26522503  24037711  44.50%   3.474%
 30  35.687  3230 3250 3299 VV 3   46325  14941337  12944123  23.96%   1.871%
 
 31  36.345  3299 3310 3340 VV 2   50388   9092841   7953269  14.72%   1.150%
 32  36.839  3340 3355 3402 VV 2   29704  10855526   9119331  16.88%   1.318%
 33  38.200  3402 3479 3502 VV     84215  20713212  17978648  33.28%   2.599%
 34  38.704  3502 3525 3578 VV 7   34838  15183955  12937796  23.95%   1.870%
 35  39.439  3578 3592 3635 VV 7   41420  10086039   8537608  15.80%   1.234%
 
 36  40.196  3635 3661 3685 VV 6   28402   6842638   5526007  10.23%   0.799%
 37  41.206  3685 3753 3791 VV 6   20926  12632259   9912145  18.35%   1.433%
 38  41.809  3791 3808 3835 VV 6   15442   4712311   3587160   6.64%   0.518%
 39  42.358  3835 3858 3877 VV 9   23681   6423484   5326427   9.86%   0.770%
 40  42.775  3877 3896 4028 VV 9   42245  22156821  18118104  33.54%   2.619%
 
 41  44.651  4028 4067 4151 VV 6   37305  16456263  13552324  25.09%   1.959%
 42  45.847  4151 4176 4198 VV 3   89289  10181634   9004764  16.67%   1.302%
 43  46.264  4198 4214 4234 VV 4  107837  11243230  10260278  18.99%   1.483%
 44  46.714  4234 4255 4294 VV 6   71525  14322217  12812669  23.72%   1.852%
 45  47.328  4294 4311 4331 VV 4   43943   7234473   6283869  11.63%   0.908%
 
 46  47.668  4331 4342 4371 VV 4   34999   6813194   5745028  10.63%   0.830%
 47  48.162  4371 4387 4431 VV 4   18147   6495910   4962708   9.19%   0.717%
 48  48.842  4431 4449 4521 VV 4   15535   7324925   5141956   9.52%   0.743%
 49  50.159  4521 4569 4591 VV 7   18345   6101817   4404295   8.15%   0.637%
 50  50.653  4591 4614 4684 VV 7   10028   6789314   4484751   8.30%   0.648%
 
 51  51.607  4684 4701 4744 VV 7   13319   3954692   2498564   4.63%   0.361%
 52  52.836  4744 4813 4877 VV 7    8515   8884476   5686434  10.53%   0.822%
 53  54.219  4877 4939 4962 VV 7   12231   6322142   4354050   8.06%   0.629%
 54  54.668  4962 4980 5013 VV 7   10598   4077571   2841193   5.26%   0.411%
 55  55.448  5013 5051 5089 VV 4   13396   4524547   2680459   4.96%   0.387%
 
 56  56.995  5129 5192 5211 VV 4   12524   4726267   2860760   5.30%   0.413%
 57  57.346  5211 5224 5243 VV 4    7386   1546064    798884   1.48%   0.115%
 58  57.785  5243 5264 5325 VV 4    6141   3205545   1344175   2.49%   0.194%