 peak  R.T. first  max last  PK   peak      raw       corr.   corr.    % of
   #   min   scan scan scan  TY  height     area      area    % max.   total
 ---  ----- ----- ---- ---- ---  -------   -------   -------  ------  -------
  1   5.937   472  538  602 PV     39363   7476757   4779867   2.99%   0.528%
  2   6.759   602  613  653 VV      7504   2421772   1312896   0.82%   0.145%
  3   7.396   653  671  697 VV      8161   2198692   1280858   0.80%   0.141%
  4   7.933   697  720  795 VV     10197   5958559   3823803   2.39%   0.422%
  5   9.206   795  836  908 VV 10    8155   5558102   3024784   1.89%   0.334%
 
  6  10.194   908  926  948 VV 10    6382   1922671   1050246   0.66%   0.116%
  7  10.600   948  963 1121 VV   2236953 163698425 159940942 100.00%  17.660%
  8  12.465  1121 1133 1258 VV 3   27506  11281591   8076351   5.05%   0.892%
  9  14.056  1258 1278 1321 VV 5   39179   7092616   5671711   3.55%   0.626%
 10  14.681  1321 1335 1414 VV 7   14165   6039561   3893150   2.43%   0.430%
 
 11  15.767  1414 1434 1507 VV 4   14006   5371154   3290682   2.06%   0.363%
 12  16.766  1507 1525 1577 VV 4    7590   3439410   1862712   1.16%   0.206%
 13  17.666  1577 1607 1639 VV 4    7098   3206168   1826069   1.14%   0.202%
 14  18.313  1639 1666 1791 VV    159154  38954936  35621038  22.27%   3.933%
 15  19.915  1791 1812 1844 VV 7   18684   5393514   4079850   2.55%   0.450%
 
 16  20.431  1844 1859 1923 VV 4   41251   9785233   7818626   4.89%   0.863%
 17  21.550  1923 1961 2207 VV    964653  83474584  76926601  48.10%   8.494%
 18  25.017  2207 2277 2293 VV     11286   5557946   3540429   2.21%   0.391%
 19  25.445  2293 2316 2356 VV 2  132887  13062624  11615382   7.26%   1.283%
 20  26.114  2356 2377 2420 VV 6   21090   6470308   4964295   3.10%   0.548%
 
 21  26.739  2420 2434 2489 VV 5   54529   9084782   7410834   4.63%   0.818%
 22  27.837  2489 2534 2603 VV 5   31369  10919320   8237744   5.15%   0.910%
 23  29.011  2603 2641 2689 VV 4   91492  19025877  16934783  10.59%   1.870%
 24  29.691  2689 2703 2749 VV 5   70720  12294018  10703882   6.69%   1.182%
 25  30.635  2749 2789 2813 VV 5  139060  21191171  19561277  12.23%   2.160%
 
 26  31.414  2813 2860 2892 VV 2  191051  25182769  23148128  14.47%   2.556%
 27  32.555  2892 2964 2989 VV 3  186777  40626748  38156019  23.86%   4.213%
 28  32.961  2989 3001 3056 VV    246623  28731953  26838416  16.78%   2.963%
 29  33.762  3056 3074 3132 VV 3  211549  38460636  36332652  22.72%   4.012%
 30  34.464  3132 3138 3152 VV 8   57200   6445775   5756898   3.60%   0.636%
 
 31  34.936  3152 3181 3239 VV 7   82724  26661655  24096991  15.07%   2.661%
 32  35.769  3239 3257 3305 VV 4   48425  13786244  11834553   7.40%   1.307%
 33  36.625  3305 3335 3405 VV 7   61298  19740849  16943765  10.59%   1.871%
 34  37.580  3405 3422 3460 VV 7   24387   7190639   5744337   3.59%   0.634%
 35  38.271  3460 3485 3508 VV 2  130788  15472390  14194202   8.87%   1.567%
 
 36  38.754  3508 3529 3578 VV 2   43703  15711343  13655286   8.54%   1.508%
 37  39.511  3578 3598 3635 VV 3  102205  14237786  12718626   7.95%   1.404%
 38  40.268  3635 3667 3692 VV 2   49245   8741882   7265818   4.54%   0.802%
 39  40.937  3692 3728 3794 VV 2   36717  15427427  12749477   7.97%   1.408%
 40  41.892  3794 3815 3845 VV 2   18620   6138998   4745858   2.97%   0.524%
 
 41  42.440  3845 3865 3884 VV 9   30218   6967314   5949463   3.72%   0.657%
 42  42.857  3884 3903 4035 VV 6   57089  27548061  23396603  14.63%   2.583%
 43  44.734  4035 4074 4101 VV 3   64495  11754461  10099164   6.31%   1.115%
 44  45.425  4101 4137 4164 VV 2   55857  10728705   9074197   5.67%   1.002%
 45  46.357  4164 4222 4244 VV 3  209431  34111969  31981556  20.00%   3.531%
 
 46  46.796  4244 4262 4298 VV 4  142214  22845126  21415240  13.39%   2.365%
 47  47.411  4298 4318 4338 VV 4   72477  10586556   9474975   5.92%   1.046%
 48  47.762  4338 4350 4439 VV 3   61354  20917898  17969659  11.24%   1.984%
 49  48.936  4439 4457 4517 VV 7   30983  10816052   8724026   5.45%   0.963%
 50  49.781  4517 4534 4551 VV 7   18474   4002410   3077200   1.92%   0.340%
 
 51  50.241  4551 4576 4611 VV 4   67943  10701146   9072027   5.67%   1.002%
 52  51.196  4611 4663 4694 VV 3  275766  28338869  26061217  16.29%   2.878%
 53  51.690  4694 4708 4769 VV 5   51476   9935658   7932305   4.96%   0.876%
 54  52.930  4769 4821 4857 VV 5   23649  11705937   9430562   5.90%   1.041%
 55  53.467  4857 4870 4887 VV 8   22783   3932476   3138167   1.96%   0.347%
 
 56  54.257  4887 4942 4973 VV 9   37899  16120450  13682758   8.55%   1.511%
 57  54.773  4973 4989 5033 VV 4   31465   8565455   6890391   4.31%   0.761%
 58  55.541  5033 5059 5100 VV 5   23142   6040041   4263538   2.67%   0.471%
 59  57.077  5100 5199 5253 VV 5   26965  18151112  14375357   8.99%   1.587%
 60  57.922  5253 5276 5340 VV 5   15478   7549468   5256480   3.29%   0.580%
 
 61  58.778  5340 5354 5400 VV 5    7015   3419021   1897617   1.19%   0.210%
 62  59.447  5400 5415 5459 VBA5    7739   2501552   1050352   0.66%   0.116%