 peak  R.T. first  max last  PK   peak      raw       corr.   corr.    % of
   #   min   scan scan scan  TY  height     area      area    % max.   total
 ---  ----- ----- ---- ---- ---  -------   -------   -------  ------  -------
  1   5.919   452  537  595 BV     24653   2990214   2282116   2.52%   0.574%
  2   6.720   595  610  658 PV 4   11456   1974604   1598626   1.76%   0.402%
  3   7.400   658  672  698 VV 4    3773   1008284    772026   0.85%   0.194%
  4   8.037   698  730  818 VV 4    6582   3621394   2933676   3.24%   0.738%
  5   9.189   818  835  898 VV 5    8321   1982747   1512348   1.67%   0.380%
 
  6  10.560   898  960 1110 VV    973914  88184540  87003802  95.98%  21.878%
  7  12.480  1110 1135 1209 VV     10048   4093153   3450829   3.81%   0.868%
  8  13.490  1209 1227 1264 VV      7035   1575463   1248030   1.38%   0.314%
  9  14.038  1264 1277 1321 VV 6   14704   2590982   2247073   2.48%   0.565%
 10  14.675  1321 1335 1411 VV 6    5218   2007594   1439546   1.59%   0.362%
 
 11  15.772  1411 1435 1501 PV 6    5350   1731737   1216333   1.34%   0.306%
 12  16.957  1501 1543 1593 VV 6    4070   1799461   1271370   1.40%   0.320%
 13  18.296  1637 1665 1800 VV 2  174980  36602548  35659084  39.34%   8.967%
 14  19.821  1800 1804 1837 VV 2    9272   2111803   1837529   2.03%   0.462%
 15  20.314  1837 1849 1933 VV 2    6848   3567953   2820934   3.11%   0.709%
 
 16  21.532  1933 1960 2223 VB   1277321  92363509  90644503 100.00%  22.793%
 17  25.427  2243 2315 2353 BV 2  166916  12859457  12203008  13.46%   3.069%
 18  26.086  2353 2375 2420 VV 2    7331   2288536   1814593   2.00%   0.456%
 19  26.722  2420 2433 2506 VV 5   33564   3452388   2898350   3.20%   0.729%
 20  27.808  2506 2532 2586 PV 5   18808   2675038   2214035   2.44%   0.557%
 
 21  29.004  2586 2641 2756 VV 2   97615  15458232  14520532  16.02%   3.651%
 22  30.409  2756 2769 2809 VV 2    8710   1196786    881524   0.97%   0.222%
 23  32.087  2809 2922 3032 PV    215157  20060822  18709316  20.64%   4.705%
 24  33.799  3032 3078 3119 VV 6   49046   5927392   5387478   5.94%   1.355%
 25  34.896  3119 3178 3222 VV     66600   9881898   9212018  10.16%   2.316%
 
 26  37.178  3280 3386 3406 VV     14039   3241946   2495525   2.75%   0.628%
 27  37.749  3406 3438 3465 VV      5939   1699245   1315236   1.45%   0.331%
 28  38.243  3465 3483 3553 VV 2  137001  11593915  11052129  12.19%   2.779%
 29  39.472  3553 3595 3647 VV 3   86465   8653206   7972774   8.80%   2.005%
 30  40.251  3647 3666 3702 VV 3    5241   1344798    988038   1.09%   0.248%
 
 31  40.920  3702 3727 3814 VV 4   36372   4929241   4170881   4.60%   1.049%
 32  42.708  3814 3890 4008 VV 3   26532   9102883   7944126   8.76%   1.998%
 33  44.804  4008 4081 4158 VV 3   15075   7450686   6475531   7.14%   1.628%
 34  45.901  4158 4181 4204 VV 3   12298   1659663   1342149   1.48%   0.337%
 35  46.318  4204 4219 4294 VV 3   12477   3437082   2815088   3.11%   0.708%
 
 36  47.349  4294 4313 4370 PV 2   32609   4189617   3736058   4.12%   0.939%
 37  48.326  4370 4402 4444 VV 2    5580   2183082   1630585   1.80%   0.410%
 38  48.995  4444 4463 4503 VV 3   18544   2798353   2403199   2.65%   0.604%
 39  49.774  4503 4534 4554 VV 3   17441   2402176   2016512   2.22%   0.507%
 40  50.257  4554 4578 4690 VV 3   12018   5839116   4959225   5.47%   1.247%
 
 41  51.661  4690 4706 4729 VV 5   25568   2892474   2591040   2.86%   0.652%
 42  54.426  4729 4958 4977 VV 5   13051  13824377  11779926  13.00%   2.962%
 43  54.756  4977 4988 5037 VV 5   15098   4565348   3878538   4.28%   0.975%
 44  55.513  5037 5057 5117 VV 7   19979   4637129   3763547   4.15%   0.946%
 45  56.467  5117 5144 5167 VV 7    5751   1805098   1359048   1.50%   0.342%
 
 46  56.840  5167 5178 5198 VV 8    9365   1464471   1183101   1.31%   0.297%
 47  57.433  5198 5232 5310 VV 8    6216   3566783   2495809   2.75%   0.628%
 48  58.771  5310 5354 5462 PBA    29039   4853866   3535519   3.90%   0.889%