 peak  R.T. first  max last  PK   peak      raw       corr.   corr.    % of
   #   min   scan scan scan  TY  height     area      area    % max.   total
 ---  ----- ----- ---- ---- ---  -------   -------   -------  ------  -------
  1   5.909   388  536  589 BV     23235   5510688   2009489   1.01%   0.337%
  2   6.743   589  612  658 PV     15607   2993586   1748740   0.88%   0.293%
  3   7.895   658  717  828 VV 2   16877   9284060   6183006   3.12%   1.036%
  4   9.178   828  834  893 VV 2    5326   2200417    948214   0.48%   0.159%
  5  10.561   893  960 1111 VV   2688304 202200708 198166726 100.00%  33.210%
 
  6  12.459  1111 1133 1211 VV     11043   5582601   3695414   1.86%   0.619%
  7  13.490  1211 1227 1258 VV     12178   2227804   1331821   0.67%   0.223%
  8  14.028  1258 1276 1317 VV 3   22081   3547858   2404798   1.21%   0.403%
  9  14.632  1317 1331 1408 VV 10   19310   4799148   3084350   1.56%   0.517%
 10  15.762  1408 1434 1541 VB 7   13420   4431064   1901892   0.96%   0.319%
 
 11  17.671  1541 1608 1644 BV 9    7929   3183684   1241044   0.63%   0.208%
 12  18.296  1644 1665 1796 VV    154664  29965495  27028203  13.64%   4.530%
 13  20.403  1796 1857 1927 VV     10431   8039082   5237854   2.64%   0.878%
 14  21.533  1927 1960 2123 VV    799841  67655045  63699677  32.14%  10.675%
 15  23.650  2123 2153 2213 VV      4945   3856021   2054992   1.04%   0.344%
 
 16  24.803  2213 2258 2292 VV      8494   3895783   2355605   1.19%   0.395%
 17  25.439  2292 2316 2351 VV 2   97825   9557413   8371977   4.22%   1.403%
 18  26.053  2351 2372 2420 VV 2   13889   4706524   3317169   1.67%   0.556%
 19  26.756  2420 2436 2494 VV 7   18528   5461428   3940549   1.99%   0.660%
 20  27.809  2494 2532 2582 VV 5   46137   7837905   5993340   3.02%   1.004%
 
 21  28.994  2582 2640 2686 VV 5   73291  13117427  11032657   5.57%   1.849%
 22  29.674  2686 2702 2759 VV 9   18504   7293799   5632747   2.84%   0.944%
 23  30.629  2759 2789 2809 VV 4   76798   9111871   8029330   4.05%   1.346%
 24  31.397  2809 2859 2892 VV 3   90712  13571462  11740019   5.92%   1.967%
 25  32.099  2892 2923 2940 VV 3   79275   9444438   8383901   4.23%   1.405%
 
 26  32.538  2940 2963 3036 VV 2   94803  24452040  22100471  11.15%   3.704%
 27  33.778  3036 3076 3154 VV 9  131258  27552472  24851356  12.54%   4.165%
 28  34.919  3154 3180 3235 VV 9   41877  10811479   8946500   4.51%   1.499%
 29  35.742  3235 3255 3339 VV 9   16718   7507656   5268162   2.66%   0.883%
 30  37.717  3409 3435 3465 VV 9   12462   3653083   2497377   1.26%   0.419%
 
 31  38.243  3465 3483 3578 VV 2   96428  12810634  10439861   5.27%   1.750%
 32  39.472  3578 3595 3642 VV 4  127608  11089798   9779802   4.94%   1.639%
 33  40.229  3642 3664 3692 VV 4    9530   1879945    862787   0.44%   0.145%
 34  40.920  3692 3727 3828 VV 4    8096   5358394   2579327   1.30%   0.432%
 35  42.786  3828 3897 4028 VV 4   19922  11530663   7568755   3.82%   1.268%
 
 36  44.761  4028 4077 4158 VV 4   18855   6565277   3970832   2.00%   0.665%
 37  45.891  4158 4180 4198 VV 5   25923   2848729   2014414   1.02%   0.338%
 38  46.319  4198 4219 4238 VV 4   33329   3439989   2629616   1.33%   0.441%
 39  46.758  4238 4259 4298 VV 6   19826   4696921   3450171   1.74%   0.578%
 40  47.383  4298 4316 4377 VV 5   19761   5870317   4266119   2.15%   0.715%
 
 41  48.985  4444 4462 4504 PV 5    4187   1994624    747262   0.38%   0.125%
 42  49.764  4504 4533 4557 VV 5   13167   2344490   1276478   0.64%   0.214%
 43  50.225  4557 4575 4594 PV 5    7352   1658949    922309   0.47%   0.155%
 44  50.609  4594 4610 4657 VV 5    3693   2286364    994755   0.50%   0.167%
 45  51.267  4657 4670 4694 VV 5    5135   1298297    558861   0.28%   0.094%
 
 46  51.662  4694 4706 4737 VV 8   17414   2429736   1526555   0.77%   0.256%
 47  55.140  4737 5023 5247 PV 8   78466  97788789  87118099  43.96%  14.600%
 48  57.850  5247 5270 5300 VV 8    3829   2133595    956263   0.48%   0.160%
 49  58.772  5300 5354 5400 VV     14819   4094008   1845971   0.93%   0.309%