 peak  R.T. first  max last  PK   peak      raw       corr.   corr.    % of
   #   min   scan scan scan  TY  height     area      area    % max.   total
 ---  ----- ----- ---- ---- ---  -------   -------   -------  ------  -------
  1   5.937   502  538  595 BV     62031   7361968   6995553   2.01%   0.589%
  2   6.705   595  608  650 VV 6    6512   1080855    849158   0.24%   0.072%
  3   7.429   650  674  761 PB 7    7571   2687923   2136445   0.61%   0.180%
  4   9.173   805  833  898 BV 3    9767   1587045   1061390   0.31%   0.089%
  5  10.194   898  926  948 PV 3    3671    806118    568247   0.16%   0.048%
 
  6  10.677   948  970 1084 VV   4653835 348415409 347728607 100.00%  29.302%
  7  12.070  1084 1097 1121 VV 9   21257   3707884   3368580   0.97%   0.284%
  8  12.509  1121 1137 1257 VV 2   89094  13797217  12707317   3.65%   1.071%
  9  14.100  1257 1282 1497 VV 3   67849  17296976  15852421   4.56%   1.336%
 10  16.832  1497 1531 1637 VB 3    4777   2568693   1742833   0.50%   0.147%
 
 11  18.291  1644 1664 1943 BV 2  493371  88702286  86982596  25.01%   7.330%
 12  21.605  1943 1966 2220 VV   2001755 145532497 143831213  41.36%  12.120%
 13  25.434  2220 2315 2369 VV 2  282776  25028515  24129561   6.94%   2.033%
 14  26.257  2369 2390 2485 VV 2   21507   5319647   4478420   1.29%   0.377%
 15  27.957  2485 2545 2579 PV 2   56896   8329946   7852322   2.26%   0.662%
 
 16  28.572  2579 2601 2626 VV 8   20120   3860290   3558228   1.02%   0.300%
 17  29.011  2626 2641 2696 VV    232630  25943617  25400876   7.30%   2.140%
 18  29.834  2696 2716 2756 VV 7   19562   4830084   4228223   1.22%   0.356%
 19  30.448  2756 2772 2829 VV 2  293156  27158521  26694220   7.68%   2.249%
 20  31.227  2829 2843 2902 VV 5   21831   3489882   2983361   0.86%   0.251%
 
 21  32.127  2902 2925 2989 VV 2  302196  28500790  27998149   8.05%   2.359%
 22  32.972  2989 3002 3029 VV 9   15558   2239906   1972039   0.57%   0.166%
 23  33.904  3029 3087 3135 VV 3  796460  71910800  71227107  20.48%   6.002%
 24  34.552  3135 3146 3165 VV 3   53186   4989121   4712525   1.36%   0.397%
 25  34.903  3165 3178 3252 VV 3  128899  13090904  12311425   3.54%   1.037%
 
 26  36.088  3252 3286 3322 VV    266110  23560820  23120478   6.65%   1.948%
 27  36.713  3322 3343 3422 VV 8   82178  18403404  17634703   5.07%   1.486%
 28  37.766  3422 3439 3458 VV 8   13218   2413547   2141021   0.62%   0.180%
 29  38.238  3458 3482 3535 VV 2  665679  57903929  57368839  16.50%   4.834%
 30  39.215  3535 3571 3615 VV 6  262824  34214838  33574994   9.66%   2.829%
 
 31  39.906  3615 3634 3698 VV 4  223301  21349546  20623281   5.93%   1.738%
 32  40.948  3698 3729 3746 VV 2   58019   6467000   6137772   1.77%   0.517%
 33  41.310  3746 3762 3818 VV 6   37289   5456032   4823422   1.39%   0.406%
 34  42.704  3818 3889 4018 VV 6   39536  15711795  14379366   4.14%   1.212%
 35  44.690  4018 4070 4148 VV 2  288320  30670231  29840528   8.58%   2.515%
 
 36  45.688  4148 4161 4205 VV 4   43890   4410960   4001066   1.15%   0.337%
 37  47.367  4205 4314 4357 PV 2   88870  12400859  11508226   3.31%   0.970%
 38  48.289  4357 4398 4441 VV 6   35162   4307552   3811056   1.10%   0.321%
 39  49.002  4441 4463 4524 VV 4   31269   4265713   3797940   1.09%   0.320%
 40  49.814  4524 4537 4557 VV 5   14259   1844022   1632055   0.47%   0.138%
 
 41  50.582  4557 4607 4624 VV 2   19148   4652502   4114783   1.18%   0.347%
 42  50.922  4624 4638 4653 VV 2   11283   1640767   1413643   0.41%   0.119%
 43  51.306  4653 4673 4734 VV 6   12158   5352848   4709998   1.35%   0.397%
 44  52.249  4734 4759 4797 VV 6    7127   1972312   1522326   0.44%   0.128%
 45  52.886  4797 4817 4855 VV 6   22368   3996094   3569693   1.03%   0.301%
 
 46  53.621  4855 4884 4970 VV 7   91290  15414428  14576876   4.19%   1.228%
 47  55.036  4970 5013 5043 VV 4  487885  63787570  63177126  18.17%   5.324%
 48  55.530  5043 5058 5094 VV     45706   5209611   4708188   1.35%   0.397%
 49  56.166  5094 5116 5163 VV 6   17679   4738915   4203760   1.21%   0.354%
 50  56.836  5163 5177 5207 VV 4   21827   2979009   2616881   0.75%   0.221%
 
 51  57.319  5207 5221 5247 VV 9   12424   2568155   2242705   0.64%   0.189%
 52  57.779  5247 5263 5290 VV 10    9643   1907151   1567897   0.45%   0.132%
 53  58.778  5290 5354 5397 VV 10   10031   3277920   2516742   0.72%   0.212%