 peak  R.T. first  max last  PK   peak      raw       corr.   corr.    % of
   #   min   scan scan scan  TY  height     area      area    % max.   total
 ---  ----- ----- ---- ---- ---  -------   -------   -------  ------  -------
  1   5.944   425  539  591 BV     64376   8315629   7568659   4.33%   1.314%
  2   6.723   591  610  655 VV 10    5780   1619629   1305585   0.75%   0.227%
  3   7.448   655  676  718 VV 3    9561   2317628   2024859   1.16%   0.352%
  4   8.040   718  730  821 VV 3    7663   3412159   2814385   1.61%   0.489%
  5   9.192   821  835  901 VV 7    8578   2310047   1885185   1.08%   0.327%
 
  6  10.651   901  968 1124 VV   2882638 175991127 174805714 100.00%  30.354%
  7  12.539  1124 1140 1261 VV 4   14141   6109306   5204834   2.98%   0.904%
  8  14.119  1261 1284 1317 VV 4   12724   2577024   2261401   1.29%   0.393%
  9  14.656  1317 1333 1417 VV 4    5894   2755393   2124474   1.22%   0.369%
 10  16.357  1471 1488 1527 VV 4    4593   1240862    912641   0.52%   0.158%
 
 11  18.288  1627 1664 1940 VV    226501  54915466  53130884  30.39%   9.226%
 12  21.569  1940 1963 2203 VV   1700467 122182963 120513623  68.94%  20.926%
 13  24.827  2243 2260 2293 VV      4627   1396378   1092814   0.63%   0.190%
 14  25.420  2293 2314 2416 VV 3  247802  22238828  21345102  12.21%   3.706%
 15  26.725  2416 2433 2506 VV 10   23264   4161016   3525173   2.02%   0.612%
 
 16  27.801  2506 2531 2593 VV 10   16579   3741744   3199436   1.83%   0.556%
 17  28.986  2593 2639 2759 VV 2  129838  22576136  21456408  12.27%   3.726%
 18  30.401  2759 2768 2816 VV 2    9836   2559260   2144893   1.23%   0.372%
 19  31.389  2816 2858 2902 VV 2    8460   2956509   2357843   1.35%   0.409%
 20  32.091  2902 2922 3056 VV 2  337272  28707308  27737708  15.87%   4.816%
 
 21  33.791  3056 3077 3129 VV 7   37690   5897314   5353516   3.06%   0.930%
 22  34.878  3129 3176 3318 VV 3  107696  16046102  14776971   8.45%   2.566%
 23  37.160  3372 3384 3408 VV 5   19352   1979434   1759290   1.01%   0.305%
 24  37.708  3408 3434 3457 VV 5    4499   1186723    857892   0.49%   0.149%
 25  38.235  3457 3482 3552 VV 2  121159  12883955  12222579   6.99%   2.122%
 
 26  39.464  3552 3594 3645 VV 6   61411   6975473   6314292   3.61%   1.096%
 27  40.912  3645 3726 3791 VV 4   79141   8883667   7919625   4.53%   1.375%
 28  42.701  3791 3889 4021 PV 6   40868  13423205  11962754   6.84%   2.077%
 29  44.731  4021 4074 4164 VV 6   14644   7171668   6269732   3.59%   1.089%
 30  45.883  4164 4179 4201 VV 3   44248   3610274   3350154   1.92%   0.582%
 
 31  46.300  4201 4217 4241 VV 4   60086   4813464   4535417   2.59%   0.788%
 32  46.749  4241 4258 4292 VV 7   40916   5662241   5283520   3.02%   0.917%
 33  47.353  4292 4313 4374 VV 4   45854   7375731   6813844   3.90%   1.183%
 34  48.198  4374 4390 4441 VV 4   10880   1858794   1367375   0.78%   0.237%
 35  48.966  4441 4460 4513 PV 3   47974   4736080   4255471   2.43%   0.739%
 
 36  49.767  4513 4533 4557 VV 6   14589   1659729   1337469   0.77%   0.232%
 37  50.557  4557 4605 4650 VV 3   18407   4751554   4064051   2.32%   0.706%
 38  51.270  4650 4670 4687 VV 10    6191   1293082    998556   0.57%   0.173%
 39  51.643  4687 4704 4731 VV 8   16548   1867069   1553810   0.89%   0.270%
 40  52.224  4731 4757 4797 VV 8    4888   1361219    885713   0.51%   0.154%
 
 41  52.883  4797 4817 4848 VV 8    7136   1779020   1366149   0.78%   0.237%
 42  53.728  4848 4894 4917 VV 8    6368   2431412   1836365   1.05%   0.319%
 43  54.232  4917 4940 4969 VV 8    9800   2252334   1827456   1.05%   0.317%
 44  54.989  4969 5009 5033 VV 8   13865   2760204   2247864   1.29%   0.390%
 45  55.505  5033 5056 5091 VV     19161   2449126   1987534   1.14%   0.345%
 
 46  56.822  5091 5176 5246 VV 8   18376   6661609   5408706   3.09%   0.939%
 47  57.809  5246 5266 5306 VV 8   10968   2424889   1925520   1.10%   0.334%