 peak  R.T. first  max last  PK   peak      raw       corr.   corr.    % of
   #   min   scan scan scan  TY  height     area      area    % max.   total
 ---  ----- ----- ---- ---- ---  -------   -------   -------  ------  -------
  1   5.920   488  537  592 BV     64641   9334055   8808039   7.42%   1.764%
  2   6.677   592  606  650 VV 3   16214   2690172   2354293   1.98%   0.472%
  3   7.412   650  673  715 VV 6    9202   2533431   2199783   1.85%   0.441%
  4   8.026   715  729  818 VV 6    6815   3780827   3151455   2.65%   0.631%
  5   9.146   818  831  881 VV 10    6426   2124502   1721891   1.45%   0.345%
 
  6  10.122   881  920  948 VV 10    5388   1965859   1572965   1.33%   0.315%
  7  10.605   948  964 1121 VV   1887423 119793303 118706010 100.00%  23.775%
  8  12.470  1121 1134 1246 VV 8   13996   5024810   4193933   3.53%   0.840%
  9  14.061  1246 1279 1317 VV 8    8314   2390010   1963020   1.65%   0.393%
 10  14.588  1317 1327 1414 VV 8    5563   2125948   1543792   1.30%   0.309%
 
 11  15.696  1414 1428 1474 VV 8    4896   1361835   1010184   0.85%   0.202%
 12  16.716  1474 1521 1554 VV 8    4878   1895459   1417305   1.19%   0.284%
 13  18.230  1554 1659 1927 VV    233204  48049270  45713177  38.51%   9.155%
 14  21.522  1927 1959 2230 VV   1727669 118152598 116314473  97.99%  23.296%
 15  24.781  2230 2256 2290 VV      5371   1655787   1306297   1.10%   0.262%
 
 16  25.362  2290 2309 2357 VV    216988  17083770  16680594  14.05%   3.341%
 17  26.064  2357 2373 2413 VV      5572   1926260   1528259   1.29%   0.306%
 18  26.646  2413 2426 2496 VV 3   60812   5950660   5392594   4.54%   1.080%
 19  27.732  2496 2525 2582 VV 3   19477   2962517   2447627   2.06%   0.490%
 20  28.928  2582 2634 2679 VV 4  138947  13950856  13379350  11.27%   2.680%
 
 21  29.597  2679 2695 2749 VV 4    5871   1800792   1334922   1.12%   0.267%
 22  30.354  2749 2764 2816 VV 4    4343   1173771    788220   0.66%   0.158%
 23  31.320  2816 2852 2876 PV 4    5207   1294055    922971   0.78%   0.185%
 24  32.044  2876 2918 3039 VV    260119  22182709  21186446  17.85%   4.243%
 25  33.734  3039 3072 3115 VV 5   42981   4994722   4467471   3.76%   0.895%
 
 26  34.480  3115 3140 3154 VV 3   37712   3021431   2794246   2.35%   0.560%
 27  34.831  3154 3172 3315 VV    101702   9617057   8413523   7.09%   1.685%
 28  36.565  3315 3330 3369 VV      4007   1145745    796568   0.67%   0.160%
 29  37.102  3369 3379 3419 PV 4   22514   2166856   1830905   1.54%   0.367%
 30  38.166  3450 3476 3552 VV 2  115473   9296098   8593491   7.24%   1.721%
 
 31  39.406  3552 3589 3628 VV 4   69775   6087322   5585708   4.71%   1.119%
 32  40.866  3628 3722 3747 VV 3   54701   6465153   5612819   4.73%   1.124%
 33  41.963  3747 3822 3838 VV 6   14310   6606718   5870861   4.95%   1.176%
 34  42.643  3838 3884 3993 VV 7   37592  10986775   9528650   8.03%   1.908%
 35  45.112  3993 4109 4151 VV 5   22483   9414610   8271772   6.97%   1.657%
 
 36  45.825  4151 4174 4193 VV 10   20957   1924850   1570616   1.32%   0.315%
 37  46.253  4193 4213 4233 PV 6   19290   1845721   1557012   1.31%   0.312%
 38  46.703  4233 4254 4287 VV 6   13248   2241412   1874232   1.58%   0.375%
 39  47.284  4287 4307 4371 VV 2   30891   4256868   3627798   3.06%   0.727%
 40  48.272  4371 4397 4433 VV 2    7202   1729724   1248354   1.05%   0.250%
 
 41  48.930  4433 4457 4507 PV     40760   4327249   3814637   3.21%   0.764%
 42  50.247  4507 4577 4650 VV 6   43547  14531748  13381402  11.27%   2.680%
 43  51.190  4650 4663 4687 VV 6   11987   2253190   1880889   1.58%   0.377%
 44  51.596  4687 4700 4720 VV 6   40560   3909417   3604608   3.04%   0.722%
 45  52.123  4720 4748 4800 VV 6   14665   4620839   3855893   3.25%   0.772%
 
 46  52.792  4800 4809 4827 VV 6    6848   1116346    866168   0.73%   0.173%
 47  53.494  4827 4873 4920 VV 6    7318   3618335   2777331   2.34%   0.556%
 48  54.175  4920 4935 4967 VV 6    5857   1757788   1314868   1.11%   0.263%
 49  55.447  4967 5051 5086 VV 6   15911   5168520   4107290   3.46%   0.823%
 50  56.775  5086 5172 5197 VV 3   24320   5640803   4634954   3.90%   0.928%
 
 51  57.280  5197 5218 5239 VV 3   21654   4754215   4264174   3.59%   0.854%
 52  57.730  5239 5259 5333 VV 9   26271   6103324   4988051   4.20%   0.999%
 53  58.739  5333 5351 5419 VV 10   11386   3301999   2525830   2.13%   0.506%
