 peak  R.T. first  max last  PK   peak      raw       corr.   corr.    % of
   #   min   scan scan scan  TY  height     area      area    % max.   total
 ---  ----- ----- ---- ---- ---  -------   -------   -------  ------  -------
  1   5.835   388  529  585 BV     18911   5439515   1538465   1.53%   0.193%
  2   6.669   585  605  648 VV     39550   5624918   4384286   4.36%   0.551%
  3   7.273   648  660  687 VV 8    4522   1712351    936234   0.93%   0.118%
  4   7.821   687  710  805 VV 8    6128   4806508   2461757   2.45%   0.309%
  5  10.477   935  952 1108 VV   1405165 104042133 100554850 100.00%  12.638%
 
  6  12.353  1108 1123 1241 VV 2   26050   8499822   5786608   5.75%   0.727%
  7  13.933  1241 1267 1314 VV 2   94991  12147886  10641706  10.58%   1.337%
  8  14.591  1314 1327 1403 VV 2   12290   5401648   3412071   3.39%   0.429%
  9  15.688  1403 1427 1494 VV 2    8924   3504392   1648327   1.64%   0.207%
 10  16.687  1494 1518 1587 VV 2    4738   2810300    860779   0.86%   0.108%
 
 11  18.234  1587 1659 1680 PV 2  109662  16227526  14328891  14.25%   1.801%
 12  18.750  1680 1706 1744 VV 6   75666  19622895  17547118  17.45%   2.205%
 13  20.340  1744 1851 1870 VV 6   42773  33658374  30117003  29.95%   3.785%
 14  20.724  1870 1886 1910 VV 6   42636  11752516  10397110  10.34%   1.307%
 15  21.460  1910 1953 2063 VV    574950  81860290  76781987  76.36%   9.650%
 
 16  22.820  2063 2077 2193 VV 9   43611  18346563  13912044  13.84%   1.748%
 17  25.366  2193 2309 2353 VV 2   64949  11336229   7897876   7.85%   0.993%
 18  26.068  2353 2373 2413 VV 2    6923   3122956   1776875   1.77%   0.223%
 19  26.660  2413 2427 2466 VV 9   40438   5402306   4281931   4.26%   0.538%
 20  27.275  2466 2483 2503 VV 4   27991   4247891   3431495   3.41%   0.431%
 
 21  27.747  2503 2526 2579 VV 4   23006   7956010   6084593   6.05%   0.765%
 22  28.932  2579 2634 2683 VV 4   52867  11921425   9513173   9.46%   1.196%
 23  29.623  2683 2697 2749 VV 8   18859   6068843   4506714   4.48%   0.566%
 24  30.555  2749 2782 2803 VV 4   82128  12026089  10797902  10.74%   1.357%
 25  31.334  2803 2853 2882 VV 4  104588  15149459  13309863  13.24%   1.673%
 
 26  32.475  2882 2957 3036 VV 4  121990  51979014  48362573  48.10%   6.078%
 27  33.693  3036 3068 3099 VV 6  129583  24212321  22559520  22.44%   2.835%
 28  34.220  3099 3116 3145 VV 6   33459   9979794   8610272   8.56%   1.082%
 29  34.856  3145 3174 3229 VV 8   50853  17057512  14864760  14.78%   1.868%
 30  35.679  3229 3249 3268 VV 7   25175   5450973   4402480   4.38%   0.553%
 
 31  36.349  3268 3310 3462 VV 3  108982  57829177  53071626  52.78%   6.670%
 32  38.181  3462 3477 3572 VV 2 1347558  87690803  84989994  84.52%  10.681%
 33  39.410  3572 3589 3632 VV 7   71407   8201714   6812232   6.77%   0.856%
 34  40.167  3632 3658 3682 VV 4   19934   3522314   2354482   2.34%   0.296%
 35  40.683  3682 3705 3775 VV 4   10132   6570148   4452830   4.43%   0.560%
 
 36  41.868  3775 3813 3874 VV 5   51502  19044047  16634567  16.54%   2.091%
 37  42.745  3874 3893 3965 VV 7   49651  12521152  10240792  10.18%   1.287%
 38  44.622  3965 4064 4118 VV 6   53124  17477450  13825063  13.75%   1.738%
 39  45.839  4118 4175 4198 VV 3   90996  10241574   8381224   8.33%   1.053%
 40  46.267  4198 4214 4238 VV 3  116286  10117933   9132940   9.08%   1.148%
 
 41  46.904  4238 4272 4294 VV 5  161404  25759217  24387678  24.25%   3.065%
 42  47.310  4294 4309 4331 VV 5   40785   6300365   5345096   5.32%   0.672%
 43  47.661  4331 4341 4409 VV 3   34226   8602322   6511247   6.48%   0.818%
 44  48.802  4409 4445 4471 VV 3   12420   4012592   2568428   2.55%   0.323%
 45  49.570  4471 4515 4537 VV 8   21008   6035875   4419421   4.40%   0.555%
 
 46  50.086  4537 4562 4637 VV 4   39823  13379991  10806483  10.75%   1.358%
 47  51.292  4637 4672 4720 VV 4   25755   7690834   5666166   5.63%   0.712%
 48  52.082  4720 4744 4762 VV 5   11830   2875741   1864534   1.85%   0.234%
 49  52.796  4762 4809 4850 VV 5   15784   6215492   4019955   4.00%   0.505%
 50  53.377  4850 4862 4909 VV 5   17438   5279927   3828847   3.81%   0.481%
 
 51  54.200  4909 4937 4961 VV 5   33805   7142090   5830985   5.80%   0.733%
 52  54.891  4961 5000 5030 VV 5   22823   9365749   7418051   7.38%   0.932%
 53  55.385  5030 5045 5093 VV 2  104094  10892432   9202751   9.15%   1.157%
 54  56.131  5093 5113 5131 VV 2   12122   2936065   1997193   1.99%   0.251%
 55  57.141  5131 5205 5296 VV 8   79417  34593168  30307024  30.14%   3.809%
 
 56  58.666  5296 5344 5458 VBA8   12145   9898852   5899457   5.87%   0.741%