 peak  R.T. first  max last  PK   peak      raw       corr.   corr.    % of
   #   min   scan scan scan  TY  height     area      area    % max.   total
 ---  ----- ----- ---- ---- ---  -------   -------   -------  ------  -------
  1   5.920   440  537  592 PV     38863   6352353   5311051   2.59%   0.608%
  2   6.743   592  612  654 VV 3   17322   3186389   2717847   1.32%   0.311%
  3   7.379   654  670  695 VV      9705   1962010   1648388   0.80%   0.189%
  4   7.961   695  723  771 VV 4   14876   5596513   4933075   2.40%   0.565%
  5   8.630   771  784  825 VV 4    8086   2759322   2290269   1.12%   0.262%
 
  6   9.201   825  836  860 VV 4   11920   1964275   1656696   0.81%   0.190%
  7   9.694   860  881  901 VV 4    7010   1913465   1592453   0.78%   0.182%
  8  10.166   901  924  945 VV 4    8808   2215790   1862623   0.91%   0.213%
  9  10.605   945  964 1118 VV   2918177 206773975 205221969 100.00%  23.492%
 10  12.459  1118 1133 1218 VV     42837  10609180   9611930   4.68%   1.100%
 
 11  13.491  1218 1227 1254 VV     11886   2306515   1953948   0.95%   0.224%
 12  14.050  1254 1278 1314 VV 3   66083   9524898   9005960   4.39%   1.031%
 13  14.632  1314 1331 1413 VV 3   27916   8858354   7752846   3.78%   0.887%
 14  15.773  1413 1435 1531 VV 4   32455   8169998   7086373   3.45%   0.811%
 15  17.682  1586 1609 1644 VV 4   13047   3453672   2965369   1.44%   0.339%
 
 16  18.297  1644 1665 1800 VV 2  305993  53000519  51535724  25.11%   5.899%
 17  19.920  1800 1813 1834 VV 2   14283   3109800   2725772   1.33%   0.312%
 18  20.436  1834 1860 1930 VV 2   16408   7776405   6669495   3.25%   0.763%
 19  21.566  1930 1963 2070 VV   1570557 116031328 114567556  55.83%  13.115%
 20  22.883  2070 2083 2177 VV     14339   6125371   5129291   2.50%   0.587%
 
 21  24.079  2177 2192 2217 VV 9   15249   2559356   2180324   1.06%   0.250%
 22  24.825  2217 2260 2293 VV 9   10777   4259198   3578985   1.74%   0.410%
 23  25.439  2293 2316 2355 VV    215387  18217174  17657433   8.60%   2.021%
 24  26.141  2355 2380 2408 VV     21019   5881983   5315150   2.59%   0.608%
 25  26.745  2408 2435 2494 VV 6   79546  13792449  12809707   6.24%   1.466%
 
 26  27.820  2494 2533 2565 VV 7   48020   9206020   8430419   4.11%   0.965%
 27  28.424  2565 2588 2616 VV 2  222868  24955176  24374252  11.88%   2.790%
 28  29.631  2616 2698 2763 VV 3  293312  80544995  78036670  38.03%   8.933%
 29  30.640  2763 2790 2819 VV 2  117395  15251608  14339646   6.99%   1.641%
 30  31.408  2819 2860 2892 VV 5  131131  23318150  22364954  10.90%   2.560%
 
 31  32.121  2892 2925 2985 VV 6  266547  41344742  40064890  19.52%   4.586%
 32  32.955  2985 3001 3038 VV 2  138067  15939581  15249956   7.43%   1.746%
 33  33.767  3038 3075 3102 VV 6  141523  24172791  23251677  11.33%   2.662%
 34  34.919  3102 3180 3242 VV 6   88914  28415138  26461702  12.89%   3.029%
 35  35.753  3242 3256 3375 VV 6   25979  12691695  10903263   5.31%   1.248%
 
 36  37.201  3375 3388 3412 VV 6   21240   3315202   2934952   1.43%   0.336%
 37  37.739  3412 3437 3468 VV 6   12588   3991687   3347914   1.63%   0.383%
 38  38.266  3468 3485 3582 VV 2   84501  14962988  13772440   6.71%   1.577%
 39  39.483  3582 3596 3635 VV 3  185973  15677570  15094656   7.36%   1.728%
 40  40.251  3635 3666 3697 VV 3   14757   3399625   2748752   1.34%   0.315%
 
 41  40.943  3697 3729 3841 VV 4   29709   7880267   6373828   3.11%   0.730%
 42  42.786  3841 3897 4011 VV 4   30009  14135203  12507064   6.09%   1.432%
 43  44.772  4011 4078 4121 VV 4   22835   5481824   4507259   2.20%   0.516%
 44  45.430  4121 4138 4168 VV 4    8432   1633185   1180264   0.58%   0.135%
 45  45.913  4168 4182 4201 PV 6   44265   3645740   3337928   1.63%   0.382%
 
 46  46.341  4201 4221 4241 VV 4   56347   4874259   4472505   2.18%   0.512%
 47  46.791  4241 4262 4295 VV 6   37057   5851524   5316509   2.59%   0.609%
 48  47.383  4295 4316 4443 VV 3   37783   9649317   8196853   3.99%   0.938%
 49  48.996  4443 4463 4512 VV 3   11994   2770195   2128537   1.04%   0.244%
 50  49.786  4512 4535 4556 VV 3   14293   1936994   1506557   0.73%   0.172%
 
 51  50.258  4556 4578 4594 PV 10    8916   1535885   1186969   0.58%   0.136%
 52  50.620  4594 4611 4664 VV 10    7059   2270768   1555338   0.76%   0.178%
 53  51.684  4664 4708 4744 VV 3   78497   7756216   6950051   3.39%   0.796%
 54  52.233  4744 4758 4804 VV 3    4120   2027144   1433825   0.70%   0.164%
 55  52.913  4804 4820 4857 VV 3    9022   2335875   1718257   0.84%   0.197%
 
 56  53.791  4857 4900 4920 VV 3    9459   2741035   2126377   1.04%   0.243%
 57  54.285  4920 4945 5023 VV 3   11480   5684119   4532608   2.21%   0.519%
 58  55.546  5023 5060 5097 VV 3   21148   4085407   3253977   1.59%   0.372%
 59  56.962  5097 5189 5250 VV 3   14476   9173477   7458577   3.63%   0.854%
 60  57.883  5250 5273 5326 VV 3    8115   3155899   2336452   1.14%   0.267%
 
 61  58.783  5326 5355 5382 VV 6    6584   1875943   1243677   0.61%   0.142%
 62  59.431  5382 5414 5447 VV 6    5872   1842985   1096953   0.53%   0.126%