 peak  R.T. first  max last  PK   peak      raw       corr.   corr.    % of
   #   min   scan scan scan  TY  height     area      area    % max.   total
 ---  ----- ----- ---- ---- ---  -------   -------   -------  ------  -------
  1   5.956   365  540  605 BV     47172   7932734   5626373   4.09%   0.965%
  2   6.779   605  615  654 VV      8477   1885672   1383726   1.01%   0.237%
  3   7.405   654  672  701 VV      8985   1809924   1321151   0.96%   0.227%
  4   7.953   701  722  771 VV 2   14833   3984477   3239748   2.35%   0.556%
  5   8.667   771  787  825 VV 2    5461   1966830   1390965   1.01%   0.239%
 
  6   9.226   825  838  891 VV 9    5534   2377805   1658719   1.21%   0.285%
  7  10.620   891  965 1124 VV   2116597 140181325 137641433 100.00%  23.612%
  8  12.518  1124 1138 1206 VV 5   14965   4952438   4011401   2.91%   0.688%
  9  14.076  1257 1280 1321 VV 5   20337   4206390   3503079   2.55%   0.601%
 10  14.734  1321 1340 1416 VV 5    7208   3824213   2744642   1.99%   0.471%
 
 11  15.776  1416 1435 1507 VV 8   13114   3603608   2586120   1.88%   0.444%
 12  16.797  1507 1528 1591 VV 8    6435   2635320   1681060   1.22%   0.288%
 13  17.707  1591 1611 1640 VV 8    5190   1563862   1032899   0.75%   0.177%
 14  18.311  1640 1666 1920 VV 2  277308  58321157  55306429  40.18%   9.488%
 15  21.581  1920 1964 2220 VV   1667475 128828453 125556959  91.22%  21.539%
 
 16  24.872  2220 2264 2296 VV      6342   2473149   1626740   1.18%   0.279%
 17  25.443  2296 2316 2363 VV    269559  20073581  19347306  14.06%   3.319%
 18  26.145  2363 2380 2413 VV      6052   2268281   1704504   1.24%   0.292%
 19  26.737  2413 2434 2506 VV 3  290799  25131386  24054944  17.48%   4.126%
 20  27.824  2506 2533 2603 VV 3   75116   9022909   7937810   5.77%   1.362%
 
 21  29.020  2603 2642 2684 VV 4  152776  16786121  15839407  11.51%   2.717%
 22  29.722  2684 2706 2756 VV 6   14073   3471341   2646545   1.92%   0.454%
 23  30.457  2756 2773 2806 VV 6   12564   2038188   1469128   1.07%   0.252%
 24  31.411  2806 2860 2882 VV 6    5638   2125805   1316631   0.96%   0.226%
 25  32.125  2882 2925 3057 VV    334110  28047649  26158603  19.00%   4.487%
 
 26  33.825  3057 3080 3135 VV 4  117929  11212181  10294695   7.48%   1.766%
 27  34.560  3135 3147 3169 VV 3   39906   3424547   3057880   2.22%   0.525%
 28  34.912  3169 3179 3305 VV 2  104316   9918600   8168658   5.93%   1.401%
 29  36.799  3305 3351 3375 PV 2    5833   1862266   1078870   0.78%   0.185%
 30  37.183  3375 3386 3409 VV 5   20888   1770610   1407965   1.02%   0.242%
 
 31  37.589  3409 3423 3461 VV 10   18826   2795854   2204608   1.60%   0.378%
 32  38.258  3461 3484 3510 VV     92565   7011285   6478785   4.71%   1.111%
 33  39.487  3510 3596 3647 VV 2  338400  29000463  27507958  19.99%   4.719%
 34  40.288  3647 3669 3699 VV 2   11707   2510381   1888093   1.37%   0.324%
 35  40.946  3699 3729 3845 VV 3   68238   8172477   6520897   4.74%   1.119%
 
 36  42.724  3845 3891 4038 VV 7   30108  10078356   7966563   5.79%   1.367%
 37  44.742  4038 4075 4108 PV 7   28809   5345108   4588043   3.33%   0.787%
 38  45.434  4108 4138 4171 VV 7    9557   2888057   2120110   1.54%   0.364%
 39  45.916  4171 4182 4201 VV 8   15742   1646074   1307034   0.95%   0.224%
 40  46.344  4201 4221 4239 VV 6   23432   2303812   1858536   1.35%   0.319%
 
 41  46.794  4239 4262 4294 VV 6   15531   3339214   2695430   1.96%   0.462%
 42  47.376  4294 4315 4444 VV 4   31362   7100069   5329875   3.87%   0.914%
 43  49.011  4444 4464 4511 VV 2   36530   4595182   3788584   2.75%   0.650%
 44  49.790  4511 4535 4556 VV 2   16555   2236713   1696794   1.23%   0.291%
 45  50.272  4556 4579 4660 VV 8   10736   4481214   3210800   2.33%   0.551%
 
 46  51.688  4660 4708 4744 VV 3  104464   9838305   8880484   6.45%   1.523%
 47  52.236  4744 4758 4775 VV 3    3609    960964    580260   0.42%   0.100%
 48  54.782  4775 4990 5047 VV 3   19150  13675293  10392404   7.55%   1.783%
 49  55.539  5047 5059 5110 VV 2   16944   3195329   2333903   1.70%   0.400%
 50  56.867  5110 5180 5250 VV 5   18060   6230155   4512241   3.28%   0.774%
 
 51  57.832  5250 5268 5313 VV 5    4332   1635702    813653   0.59%   0.140%
 52  59.434  5313 5414 5460 PBA5    5800   3244253   1468887   1.07%   0.252%