 peak  R.T. first  max last  PK   peak      raw       corr.   corr.    % of
   #   min   scan scan scan  TY  height     area      area    % max.   total
 ---  ----- ----- ---- ---- ---  -------   -------   -------  ------  -------
  1   5.964   319  541  596 BV     17217   7012534   1436962   1.12%   0.273%
  2   6.798   596  617  657 VV 2    6605   2224144    980885   0.77%   0.186%
  3   8.093   705  735  785 VV 2    4742   3429115   1785220   1.39%   0.339%
  4   9.245   825  840  881 VV 7    5616   2098913    932717   0.73%   0.177%
  5  10.616   881  965 1121 VV   1903149 133046865 128207034 100.00%  24.347%
 
  6  12.526  1121 1139 1268 VV 7   15359   8519093   5465067   4.26%   1.038%
  7  14.084  1268 1281 1418 VV 3   58997  13698802  10552048   8.23%   2.004%
  8  15.828  1418 1440 1503 VV 3    8352   4231154   2436639   1.90%   0.463%
  9  17.759  1503 1616 1650 VV 3    5522   6189805   3107571   2.42%   0.590%
 10  18.363  1650 1671 1844 VV 2  125729  33685371  29628143  23.11%   5.627%
 
 11  20.480  1844 1864 1930 VV 2   12843   6651028   4659642   3.63%   0.885%
 12  21.577  1930 1964 2207 VV 2  537476  52104358  46082276  35.94%   8.751%
 13  25.056  2207 2281 2296 VV 2   11698   5202274   3303004   2.58%   0.627%
 14  25.484  2296 2320 2363 VV 4  118706  12414868  10960294   8.55%   2.081%
 15  26.109  2363 2377 2423 VV 4    8822   4483164   3098495   2.42%   0.588%
 
 16  26.833  2423 2443 2496 VV 7   17722   6377520   4744053   3.70%   0.901%
 17  27.996  2496 2549 2593 VV 7   16700   8597146   6480554   5.05%   1.231%
 18  29.060  2593 2646 2729 VV 4   63475  18626496  15605224  12.17%   2.964%
 19  30.081  2729 2739 2763 VV     23635   3770810   2965283   2.31%   0.563%
 20  30.684  2763 2794 2818 VV 2   98276  13034019  11759996   9.17%   2.233%
 
 21  31.463  2818 2865 2899 VV 3  154879  20704541  18857660  14.71%   3.581%
 22  32.352  2899 2946 2992 VV 3  296515  48122860  45996089  35.88%   8.735%
 23  32.999  2992 3005 3062 VV    140134  18401095  16632330  12.97%   3.159%
 24  33.822  3062 3080 3135 VV 4   99204  24538825  22744579  17.74%   4.319%
 25  34.963  3135 3184 3245 VV 8   53953  20312797  17244696  13.45%   3.275%
 
 26  35.797  3245 3260 3285 VV 9   22263   5065980   4083079   3.18%   0.775%
 27  36.456  3285 3320 3379 VV 5   22662   9877443   7594992   5.92%   1.442%
 28  37.235  3379 3391 3458 VV 5   17854   6963370   5120379   3.99%   0.972%
 29  38.299  3458 3488 3588 VV 2  104808  20046693  17056098  13.30%   3.239%
 30  39.539  3588 3601 3638 VV 7   34239   5931523   4785573   3.73%   0.909%
 
 31  40.296  3638 3670 3695 VV 7   13431   4250024   2959870   2.31%   0.562%
 32  40.965  3695 3731 3798 VV 7   12028   6999886   4677219   3.65%   0.888%
 33  42.402  3848 3862 3885 VV 7   21710   3746392   2932156   2.29%   0.557%
 34  42.863  3885 3904 4015 VV 7   18412  10356781   7320303   5.71%   1.390%
 35  44.761  4015 4077 4128 VV 7   17679   7336336   4782783   3.73%   0.908%
 
 36  45.453  4128 4140 4161 VV 6    8733   2099927   1349276   1.05%   0.256%
 37  45.957  4161 4186 4205 VV 7   33051   4363644   3382742   2.64%   0.642%
 38  46.374  4205 4224 4248 VV 5   39870   4988787   4020605   3.14%   0.764%
 39  46.824  4248 4265 4299 VV 7   25764   5977029   4808708   3.75%   0.913%
 40  47.417  4299 4319 4444 VV 3   29049  11170851   7821341   6.10%   1.485%
 
 41  50.642  4502 4613 4657 VV 3   13538  10477950   7052416   5.50%   1.339%
 42  51.718  4657 4711 4734 VV 3   11375   5064397   3319877   2.59%   0.630%
 43  52.924  4734 4821 4880 VV 3    7720   9189511   5898340   4.60%   1.120%
 44  53.802  4880 4901 4930 VV 3   11112   3706758   2539363   1.98%   0.482%
 45  54.329  4930 4949 4977 VV 3    8923   3078028   1998840   1.56%   0.380%
 
 46  54.790  4977 4991 5043 VV 3    8792   4496878   2958971   2.31%   0.562%
 47  55.558  5043 5061 5138 VV 3   14188   5055639   2845705   2.22%   0.540%
 48  57.127  5138 5204 5256 PV 3    5242   4121148   1602606   1.25%   0.304%