 peak  R.T. first  max last  PK   peak      raw       corr.   corr.    % of
   #   min   scan scan scan  TY  height     area      area    % max.   total
 ---  ----- ----- ---- ---- ---  -------   -------   -------  ------  -------
  1   5.943   329  539  595 BV     26090   3826110   2111527   2.22%   0.464%
  2   6.765   595  614  662 VV 5    7006   1453153    994981   1.04%   0.219%
  3   7.983   662  725  828 VV 5    6974   5149518   3982223   4.18%   0.875%
  4   9.223   828  838  903 VV 9    5175   1680298   1142726   1.20%   0.251%
  5  10.584   903  962 1121 VV   1043033  79343902  77743808  81.65%  17.088%
 
  6  12.504  1121 1137 1244 VV 9    9675   4609577   3634950   3.82%   0.799%
  7  14.040  1244 1277 1411 VV 6   24136   6751283   5465620   5.74%   1.201%
  8  15.773  1411 1435 1510 VV 9   11726   3031343   2261104   2.37%   0.497%
  9  16.958  1510 1543 1597 VV 9    5437   2271286   1591584   1.67%   0.350%
 10  18.308  1597 1666 1844 VV    170350  44064182  42171041  44.29%   9.269%
 
 11  20.437  1844 1860 1937 VV      8905   4772690   3872396   4.07%   0.851%
 12  21.545  1937 1961 2243 VV   1278090  97839471  95218646 100.00%  20.929%
 13  24.858  2243 2263 2293 VV      7392   1913475   1510953   1.59%   0.332%
 14  25.440  2293 2316 2360 VV    173110  15039101  14474144  15.20%   3.181%
 15  26.142  2360 2380 2410 VV      8469   2872458   2366204   2.49%   0.520%
 
 16  26.724  2410 2433 2496 VV 4   70916   8189733   7408216   7.78%   1.628%
 17  27.821  2496 2533 2593 VV 4   24335   4958502   4120689   4.33%   0.906%
 18  29.017  2593 2642 2746 VV 3   96676  19422198  18178637  19.09%   3.996%
 19  30.443  2746 2772 2813 VV 3   18672   4167181   3565178   3.74%   0.784%
 20  31.409  2813 2860 2909 VV 3   13275   5005784   4100748   4.31%   0.901%
 
 21  32.111  2909 2924 3059 VV 2  206851  22539083  21136309  22.20%   4.646%
 22  33.811  3059 3079 3132 VV 3   84551   9331653   8671129   9.11%   1.906%
 23  34.558  3132 3147 3161 VV 3   36218   3265472   2990502   3.14%   0.657%
 24  34.909  3161 3179 3325 VV 2   76744  12320481  10561025  11.09%   2.321%
 25  36.807  3325 3352 3375 VV 2    8197   2237371   1819137   1.91%   0.400%
 
 26  37.191  3375 3387 3409 VV 2   21577   2451598   2154063   2.26%   0.473%
 27  37.597  3409 3424 3460 VV 2    7488   2300001   1853125   1.95%   0.407%
 28  38.266  3460 3485 3565 VV 2   97614  12735889  11696367  12.28%   2.571%
 29  39.484  3565 3596 3652 VV 3  111378  11204448  10368232  10.89%   2.279%
 30  40.274  3652 3668 3695 VV 3    6582   1633141   1251380   1.31%   0.275%
 
 31  40.943  3695 3729 3835 VV 4   41264   6238763   4971963   5.22%   1.093%
 32  42.754  3835 3894 4034 PV 6   24792  11838536  10216500  10.73%   2.246%
 33  44.805  4034 4081 4101 VV 6   16737   4363603   3819833   4.01%   0.840%
 34  45.376  4101 4133 4168 VV 6   13067   4213234   3498992   3.67%   0.769%
 35  45.914  4168 4182 4204 VV 4   35467   3339109   3012500   3.16%   0.662%
 
 36  46.341  4204 4221 4244 VV 5   46396   4142309   3775908   3.97%   0.830%
 37  46.780  4244 4261 4298 VV 9   33272   4901930   4431527   4.65%   0.974%
 38  47.384  4298 4316 4381 VV 5   42815   8076994   7305738   7.67%   1.606%
 39  48.229  4381 4393 4441 VV 5    9296   2631278   2066727   2.17%   0.454%
 40  49.008  4441 4464 4517 VV 2   28488   4216910   3529638   3.71%   0.776%
 
 41  49.798  4517 4536 4561 VV 2   18605   2457173   2042157   2.14%   0.449%
 42  50.599  4561 4609 4654 VV 8   16306   5662359   4760869   5.00%   1.046%
 43  51.246  4654 4668 4690 VV 8    9479   1776160   1435132   1.51%   0.315%
 44  51.685  4690 4708 4744 VV 5   43334   4458192   3954348   4.15%   0.869%
 45  52.903  4799 4819 4854 VV 5    8609   2357452   1808983   1.90%   0.398%
 
 46  53.791  4854 4900 4924 VV 5    8159   2614270   2022564   2.12%   0.445%
 47  54.285  4924 4945 5000 VV 5    9464   3673112   2936357   3.08%   0.645%
 48  55.009  5000 5011 5040 VV 5   11765   1856287   1459425   1.53%   0.321%
 49  55.547  5040 5060 5103 VV 3   22946   3218576   2628237   2.76%   0.578%
 50  56.886  5103 5182 5217 VV 10   13873   5597702   4640054   4.87%   1.020%
 
 51  57.500  5217 5238 5256 VV 10   19220   3405659   3015136   3.17%   0.663%
 52  57.917  5256 5276 5316 VV 9   23817   5263697   4595507   4.83%   1.010%
 53  58.784  5316 5355 5460 VBA9    9600   5979987   4614533   4.85%   1.014%