 peak  R.T. first  max last  PK   peak      raw       corr.   corr.    % of
   #   min   scan scan scan  TY  height     area      area    % max.   total
 ---  ----- ----- ---- ---- ---  -------   -------   -------  ------  -------
  1   5.953   508  540  589 BV     19113   3933624   2521378   1.46%   0.425%
  2   6.786   589  616  658 VV      8289   2760820   1524076   0.88%   0.257%
  3   7.895   658  717  828 VV      6026   7640644   4569718   2.64%   0.770%
  4   9.233   828  839  891 VV      3863   2373190   1199790   0.69%   0.202%
  5  10.594   891  963 1121 VV   2241057 177271165 173003428 100.00%  29.156%
 
  6  12.492  1121 1136 1261 VV 6   15431   7767500   5102661   2.95%   0.860%
  7  14.050  1261 1278 1317 VV 4   44772   6032021   4965805   2.87%   0.837%
  8  14.697  1317 1337 1421 VV 4    9791   5364343   3307368   1.91%   0.557%
  9  15.794  1421 1437 1509 VV 4    9833   4231381   2529899   1.46%   0.426%
 10  16.793  1509 1528 1567 VV 4    6600   2463896   1376000   0.80%   0.232%
 
 11  18.340  1567 1669 1804 VV 2  110968  30974234  26528451  15.33%   4.471%
 12  19.931  1804 1814 1844 VV 8   13522   3203509   2364464   1.37%   0.398%
 13  20.447  1844 1861 1943 VV 4   25913   8296795   6181789   3.57%   1.042%
 14  21.544  1943 1961 2207 VV    581604  53695768  48490078  28.03%   8.172%
 15  25.033  2207 2279 2295 VV     15510   5003002   3284323   1.90%   0.554%
 
 16  25.450  2295 2317 2360 VV     71011   8134117   6874018   3.97%   1.158%
 17  26.108  2360 2377 2420 VV      8037   3701180   2497870   1.44%   0.421%
 18  26.799  2420 2440 2493 VV 7   18619   6273095   4802866   2.78%   0.809%
 19  27.842  2493 2535 2603 VV 7   15487   8244578   6026358   3.48%   1.016%
 20  29.016  2603 2642 2679 VV 5   54725  11032394   9479153   5.48%   1.598%
 
 21  29.696  2679 2704 2753 VV 9   28160   8980585   7376366   4.26%   1.243%
 22  30.651  2753 2791 2813 VV 4  107564  16537605  15233229   8.81%   2.567%
 23  31.430  2813 2862 2896 VV 3  156184  21054714  19267001  11.14%   3.247%
 24  32.571  2896 2966 2989 VV 3  148013  28098512  26007708  15.03%   4.383%
 25  32.966  2989 3002 3059 VV 2  183402  21156073  19572020  11.31%   3.298%
 
 26  33.767  3059 3075 3106 VV 2  149288  21135506  20033809  11.58%   3.376%
 27  34.952  3106 3183 3242 VV 10   51021  27548651  24310120  14.05%   4.097%
 28  35.764  3242 3257 3305 VV 6   32339   8459221   7023573   4.06%   1.184%
 29  36.422  3305 3317 3407 VV 6   22361  10192056   7991837   4.62%   1.347%
 30  37.596  3407 3424 3465 VV 6   11838   4633108   3409223   1.97%   0.575%
 
 31  38.265  3465 3485 3508 VV 2   66064   7852516   6915112   4.00%   1.165%
 32  38.737  3508 3528 3578 VV 2   18242   7280411   5692830   3.29%   0.959%
 33  39.505  3578 3598 3638 VV 4   52217   7558635   6297674   3.64%   1.061%
 34  40.262  3638 3667 3689 VV 3   23490   4271955   3222070   1.86%   0.543%
 35  40.931  3689 3728 3798 VV 3   13881   8881527   6610038   3.82%   1.114%
 
 36  41.886  3798 3815 3834 VV 3    9429   2556721   1810699   1.05%   0.305%
 37  42.424  3834 3864 3885 VV 7   18433   5124530   4041594   2.34%   0.681%
 38  42.829  3885 3901 4037 VV 4   51251  17491520  14081257   8.14%   2.373%
 39  44.739  4037 4075 4123 VV 7   28010   8197263   6385450   3.69%   1.076%
 40  45.430  4123 4138 4161 VV 7   16647   3165343   2339480   1.35%   0.394%
 
 41  46.352  4161 4222 4244 VV 4   96753  17297265  15551967   8.99%   2.621%
 42  46.790  4244 4262 4297 VV 5   67860  10423245   9291778   5.37%   1.566%
 43  47.405  4297 4318 4338 VV 4   32202   5200723   4348812   2.51%   0.733%
 44  47.745  4338 4349 4440 VV 7   25247   8921299   6655466   3.85%   1.122%
 45  48.930  4440 4457 4482 VV 7    6879   2237586   1367361   0.79%   0.230%
 
 46  49.786  4482 4535 4555 VV 7    9590   3823256   2313010   1.34%   0.390%
 47  50.236  4555 4576 4656 VV 7   10970   5579350   3494339   2.02%   0.589%
 48  51.695  4656 4709 4747 VV 7   22704   5297557   3445271   1.99%   0.581%
 49  52.924  4780 4821 4857 VV 7    6691   3775505   2214726   1.28%   0.373%
 50  54.317  4857 4948 5040 VV 7   16509  13980702  10234963   5.92%   1.725%
 
 51  55.524  5040 5058 5103 VV 5   13184   3362054   2018448   1.17%   0.340%
 52  56.983  5103 5191 5252 VV 5   12789   8137549   5246595   3.03%   0.884%
 53  57.905  5252 5275 5346 VV 5    5205   3481874   1547013   0.89%   0.261%
 54  58.805  5346 5357 5383 VV 5    3928   1186811    456893   0.26%   0.077%
 55  59.430  5383 5414 5464 VBA5    6647   2526285    924718   0.53%   0.156%