 peak  R.T. first  max last  PK   peak      raw       corr.   corr.    % of
   #   min   scan scan scan  TY  height     area      area    % max.   total
 ---  ----- ----- ---- ---- ---  -------   -------   -------  ------  -------
  1   5.921   492  537  592 PV     23387   7237792   3942642   2.83%   0.258%
  2   6.755   592  613  632 VV      7387   3022837   1634025   1.17%   0.107%
  3   7.369   632  669  691 VV 4   11155   4970426   2958307   2.12%   0.194%
  4   7.907   691  718  768 VV     24077   9117809   6399340   4.59%   0.419%
  5   8.631   768  784  828 VV     10997   6054379   3919178   2.81%   0.256%
 
  6  10.573   828  961 1104 VV    456413  69203708  59306481  42.57%   3.881%
  7  12.449  1104 1132 1171 VV 2   33246  11364197   8821937   6.33%   0.577%
  8  14.029  1171 1276 1314 VV 10   37960  24615149  19082888  13.70%   1.249%
  9  14.666  1314 1334 1421 VV 2  118314  28035861  23862854  17.13%   1.562%
 10  15.752  1421 1433 1614 VV 2   31239  26730844  18943573  13.60%   1.240%
 
 11  18.275  1614 1663 1707 PV 3  298108  54364564  51274374  36.81%   3.356%
 12  19.120  1707 1740 1800 VV 3   72669  48143112  43147320  30.97%   2.824%
 13  19.888  1800 1810 1827 VV 3   71037  13597106  12083600   8.67%   0.791%
 14  20.404  1827 1857 1928 VV 3   75275  51009340  45403706  32.59%   2.971%
 15  21.523  1928 1959 1996 VV    476665  63375994  59577000  42.77%   3.899%
 
 16  22.116  1996 2013 2243 VV 7   93257  99977505  85848380  61.63%   5.618%
 17  24.837  2243 2261 2296 VV 7   26209   8929147   6901302   4.95%   0.452%
 18  25.440  2296 2316 2344 VV 3   81796  12062261  10201879   7.32%   0.668%
 19  26.076  2344 2374 2413 VV 3   28230  12309571   9504412   6.82%   0.622%
 20  26.724  2413 2433 2451 VV 5   63637  10296450   8775408   6.30%   0.574%
 
 21  27.196  2451 2476 2506 VV    312944  35622670  33373967  23.96%   2.184%
 22  27.777  2506 2529 2623 VV     51838  27302147  21981425  15.78%   1.439%
 23  29.006  2623 2641 2689 VV 5   96979  16737726  14096278  10.12%   0.922%
 24  29.664  2689 2701 2749 VV 6   27217   7501528   5178615   3.72%   0.339%
 25  30.619  2749 2788 2806 VV 5  107941  12974587  10892201   7.82%   0.713%
 
 26  31.398  2806 2859 2942 VV 6  151409  64562080  59528170  42.73%   3.896%
 27  32.539  2942 2963 3036 VV    189794  65691846  60072965  43.12%   3.931%
 28  33.735  3036 3072 3152 VV 7  224587  77230871  70925238  50.92%   4.642%
 29  34.909  3152 3179 3239 VV 7  100247  34666577  30141297  21.64%   1.973%
 30  36.335  3239 3309 3424 VV 3  214293 147526489 139301252 100.00%   9.116%
 
 31  37.751  3424 3438 3472 VV 3   45972  14422365  12078778   8.67%   0.790%
 32  38.244  3472 3483 3578 VV 2  160435  25061130  20123799  14.45%   1.317%
 33  39.484  3578 3596 3611 VV 7   73902   8408707   7105859   5.10%   0.465%
 34  39.813  3611 3626 3649 VV 2   70761   9838736   8257719   5.93%   0.540%
 35  40.252  3649 3666 3705 VV 8   40240  10293752   7876976   5.65%   0.515%
 
 36  40.976  3705 3732 3768 VV 8   27103  10780784   8161637   5.86%   0.534%
 37  41.898  3768 3816 3957 VV 7  194171 100274326  92338639  66.29%   6.043%
 38  43.851  3957 3994 4061 VV 10   42862  25372637  20871968  14.98%   1.366%
 39  44.718  4061 4073 4120 VV 9   33376   9735230   7219174   5.18%   0.472%
 40  45.420  4120 4137 4164 VV 9   27078   6604235   4827096   3.47%   0.316%
 
 41  45.903  4164 4181 4200 VV 3  105880  10647122   9159904   6.58%   0.599%
 42  46.331  4200 4220 4239 VV 5  124249  12363719  10781549   7.74%   0.706%
 43  46.967  4239 4278 4415 VV    327230  91343720  84239705  60.47%   5.513%
 44  48.723  4415 4438 4464 VV 2   68492  15217763  13116186   9.42%   0.858%
 45  49.611  4464 4519 4544 VV 5  176787  40883922  37061714  26.61%   2.425%
 
 46  50.127  4544 4566 4644 VV 3  256843  63535053  58086048  41.70%   3.801%
 47  51.125  4644 4657 4728 VV 3   88044  26715672  22749926  16.33%   1.489%
 48  52.157  4728 4751 4770 VV 3   43861   8761431   6805882   4.89%   0.445%
 49  52.673  4770 4798 4849 VV 3   33954  17730235  14333588  10.29%   0.938%
 50  53.858  4849 4906 4922 VV 3   56993  23150888  19808941  14.22%   1.296%
 
 51  54.285  4922 4945 5027 VV 7  123451  51282968  45763274  32.85%   2.995%
 52  55.459  5027 5052 5138 VV    238326  39474841  33749754  24.23%   2.209%
 53  56.798  5138 5174 5193 VV 2   74921  14887437  12569967   9.02%   0.823%
 54  57.742  5193 5260 5303 VV 2  141417  34332345  29171131  20.94%   1.909%
 55  58.740  5303 5351 5395 VV 3   46885  15218603  11500836   8.26%   0.753%
 
 56  59.398  5395 5411 5459 VBA8   24716   5897824   3219946   2.31%   0.211%